-14 12 0 0 0
-13 12 0 0 0
-12 12 0 0 0
-11 12 0 0 0
-10 12 0 0 0
-9 12 0 0 0
-8 12 0 0 0
-7 12 0 0 0
-6 12 0 0 0
-5 12 0 0 0
-4 12 0 0 0
-3 12 0 0 0
-2 12 0 0 0
-1 12 0 0 0
0 12 0 0 0
1 12 0 0 0
2 12 0 0 0
3 12 0 0 0
4 12 0 0 0
5 12 0 0 0
6 12 0 0 0
7 12 0 0 0
8 12 0 0 0
9 12 0 0 0
10 12 0 0 0
11 12 0 0 0
12 12 0 0 0
13 12 0 0 0
14 12 0 0 0
15 12 0 0 0
16 12 0 0 0
17 12 0 0 0
18 12 0 0 0
-14 11 0 0 0
-13 11 0 0 0
-12 11 0 0 0
-11 11 0 0 0
-10 11 0 0 0
-9 11 0 0 0
-8 11 0 0 0
-7 11 0 0 0
-6 11 0 0 0
-5 11 0 0 0
-4 11 0 0 0
-3 11 0 0 0
-2 11 0 0 0
-1 11 0 0 0
0 11 0 0 0
1 11 0 0 0
2 11 0 0 0
3 11 0 0 0
4 11 0 0 0
5 11 0 0 0
6 11 0 0 0
7 11 0 0 0
8 11 0 0 0
9 11 0 0 0
10 11 0 0 0
11 11 0 0 0
12 11 0 0 0
13 11 0 0 0
14 11 0 0 0
15 11 0 0 0
16 11 0 0 0
17 11 0 0 0
18 11 0 0 0
-14 10 0 0 0
-13 10 0 0 0
-12 10 0 0 0
-11 10 0 0 0
-10 10 0 0 0
-9 10 0 0 0
-8 10 0 0 0
-7 10 0 0 0
-6 10 0 0 0
-5 10 0 0 0
-4 10 0 0 0
-3 10 0 0 0
-2 10 0 0 0
-1 10 0 0 0
0 10 0 0 0
1 10 0 0 0
2 10 0 0 0
3 10 0 0 0
4 10 0 0 0
5 10 0 0 0
6 10 0 0 0
7 10 0 0 0
8 10 0 0 0
9 10 0 0 0
10 10 0 0 0
11 10 0 0 0
12 10 0 0 0
13 10 0 0 0
14 10 0 0 0
15 10 0 0 0
16 10 0 0 0
17 10 0 0 0
18 10 0 0 0
-14 9 0 0 0
-13 9 0 0 0
-12 9 0 0 0
-11 9 0 0 0
-10 9 0 0 0
-9 9 0 0 0
-8 9 0 0 0
-7 9 0 0 0
-6 9 0 0 0
-5 9 0 0 0
-4 9 0 0 0
-3 9 0 0 0
-2 9 0 0 0
-1 9 0 0 0
0 9 0 0 0
1 9 0 0 0
2 9 0 0 0
3 9 0 0 0
4 9 0 0 0
5 9 0 0 0
6 9 0 0 0
7 9 0 0 0
8 9 0 0 0
9 9 0 0 0
10 9 0 0 0
11 9 0 0 0
12 9 0 0 0
13 9 0 0 0
14 9 0 0 0
15 9 0 0 0
16 9 0 0 0
17 9 0 0 0
18 9 0 0 0
-14 8 0 0 0
-13 8 0 0 0
-12 8 0 0 0
-11 8 0 0 0
-10 8 0 0 0
-9 8 0 0 0
-8 8 0 0 0
-7 8 0 0 0
-6 8 0 0 0
-5 8 0 0 0
-4 8 0 0 0
-3 8 0 0 0
-2 8 0 0 0
-1 8 0 0 0
0 8 0 0 0
1 8 0 0 0
2 8 0 0 0
3 8 0 0 0
4 8 0 0 0
5 8 0 0 0
6 8 0 0 0
7 8 0 0 0
8 8 0 0 0
9 8 0 0 0
10 8 0 0 0
11 8 0 0 0
12 8 0 0 0
13 8 0 0 0
14 8 0 0 0
15 8 0 0 0
16 8 0 0 0
17 8 0 0 0
18 8 0 0 0
-14 7 0 0 0
-13 7 0 0 0
-12 7 0 0 0
-11 7 0 0 0
-10 7 0 0 0
-9 7 0 0 0
-8 7 0 0 0
-7 7 0 0 0
-6 7 0 0 0
-5 7 0 0 0
-4 7 0 0 0
-3 7 0 0 0
-2 7 0 0 0
-1 7 0 0 0
0 7 0 0 0
1 7 0 0 0
2 7 0 0 0
3 7 0 0 0
4 7 0 0 0
5 7 0 0 0
6 7 0 0 0
7 7 0 0 0
8 7 0 0 0
9 7 0 0 0
10 7 0 0 0
11 7 0 0 0
12 7 0 0 0
13 7 0 0 0
14 7 0 0 0
15 7 0 0 0
16 7 0 0 0
17 7 0 0 0
18 7 0 0 0
19 7 0 0 0
-14 6 0 0 0
-13 6 0 0 0
-12 6 0 0 0
-11 6 0 0 0
-10 6 0 0 0
-9 6 0 0 0
-8 6 0 0 0
-7 6 0 0 0
-6 6 0 0 0
-5 6 0 0 0
-4 6 0 0 0
-3 6 0 0 0
-2 6 0 0 0
-1 6 0 0 0
0 6 0 0 0
1 6 0 0 0
2 6 0 0 0
3 6 0 0 0
4 6 0 0 0
5 6 0 0 0
6 6 0 0 0
7 6 0 0 0
8 6 0 0 0
9 6 0 0 0
10 6 0 0 0
11 6 0 0 0
12 6 0 0 0
13 6 0 0 0
14 6 0 0 0
15 6 0 0 0
16 6 0 0 0
17 6 0 0 0
18 6 0 0 0
19 6 0 0 0
-14 5 0 0 0
-13 5 0 0 0
-12 5 0 0 0
-11 5 0 0 0
-10 5 0 0 0
-9 5 0 0 0
-8 5 0 0 0
-7 5 0 0 0
-6 5 0 0 0
-5 5 0 0 0
-4 5 0 0 0
-3 5 0 0 0
-2 5 0 0 0
-1 5 0 0 0
0 5 0 0 978,956,969,948,971,956,957,947,953,948,948,948,948,948,948,971,958,956,948,948,948,948,960,956,973,975,948,948
1 5 0 0 0
2 5 0 0 0
3 5 0 0 0
4 5 0 0 0
5 5 0 0 0
6 5 0 0 0
7 5 0 0 0
8 5 0 0 0
9 5 0 0 0
10 5 0 0 0
11 5 0 0 0
12 5 0 0 0
13 5 0 0 0
14 5 0 0 0
15 5 0 0 0
16 5 0 0 0
17 5 0 0 0
18 5 0 0 0
19 5 0 0 0
40 5 0 0 0
-14 4 0 0 0
-13 4 0 0 0
-12 4 0 0 0
-11 4 0 0 0
-10 4 0 0 0
-9 4 0 0 0
-8 4 0 0 0
-7 4 0 0 0
-6 4 0 0 0
-5 4 0 0 1910
-4 4 0 0 1912
-3 4 0 0 1912
-2 4 0 0 1912
-1 4 0 0 1912
0 4 0 0 1912
1 4 0 0 1912
2 4 0 0 1912
3 4 0 0 1912
4 4 0 0 1912
5 4 0 0 1910
6 4 0 0 0
7 4 0 0 0
8 4 0 0 0
9 4 0 0 0
10 4 0 0 0
11 4 0 0 0
12 4 0 0 0
13 4 0 0 0
14 4 0 0 0
15 4 0 0 0
16 4 0 0 0
17 4 0 0 0
18 4 0 0 0
19 4 0 0 0
-14 3 0 0 0
-13 3 0 0 0
-12 3 0 0 0
-11 3 0 0 0
-10 3 0 0 0
-9 3 0 0 0
-8 3 0 0 0
-7 3 0 0 0
-6 3 0 0 0
-5 3 0 0 1911
-4 3 0 0 1316
-3 3 0 0 2172,292:72:72:72,292:72:72:72,292:72:72:72,292:72:72:72,292:72:72:72,292:72:72:72
-2 3 0 0 67
-1 3 0 0 434,298,298,298,298
0 3 0 0 434,298,298,298,298
1 3 0 0 2390
2 3 0 0 2343
3 3 0 0 292,275,278,277
4 3 0 0 434,58,58,58,58
5 3 0 0 1911
6 3 0 0 0
7 3 0 0 0
8 3 0 0 0
9 3 0 0 0
10 3 0 0 0
11 3 0 0 0
12 3 0 0 0
13 3 0 0 0
14 3 0 0 0
15 3 0 0 0
16 3 0 0 0
17 3 0 0 0
18 3 0 0 0
19 3 0 0 0
-14 2 0 0 0
-13 2 0 0 0
-12 2 0 0 0
-11 2 0 0 0
-10 2 0 0 0
-9 2 0 0 0
-8 2 0 0 0
-7 2 0 0 0
-6 2 0 0 0
-5 2 0 0 1911
-4 2 0 0 1316
-3 2 0 0 1599
-2 2 0 0 1417
-1 2 0 0 127
0 2 0 0 660
1 2 0 0 660
2 2 0 0 0
3 2 0 0 0
4 2 0 0 880
5 2 0 0 1911
6 2 0 0 0
7 2 0 0 0
8 2 0 0 0
9 2 0 0 0
10 2 0 0 0
11 2 0 0 0
12 2 0 0 0
13 2 0 0 0
14 2 0 0 0
15 2 0 0 0
16 2 0 0 0
17 2 0 0 0
18 2 0 0 0
19 2 0 0 0
-14 1 0 0 0
-13 1 0 0 0
-12 1 0 0 0
-11 1 0 0 0
-10 1 0 0 0
-9 1 0 0 0
-8 1 0 0 0
-7 1 0 0 0
-6 1 0 0 0
-5 1 0 0 1911
-4 1 0 0 1603
-3 1 0 0 1603
-2 1 0 0 0
-1 1 0 0 0
0 1 0 0 0
1 1 0 0 0
2 1 0 0 0
3 1 0 0 0
4 1 0 0 0
5 1 0 0 1911
6 1 0 0 0
7 1 0 0 0
8 1 0 0 0
9 1 0 0 0
10 1 0 0 0
11 1 0 0 0
12 1 0 0 0
13 1 0 0 0
14 1 0 0 0
15 1 0 0 0
16 1 0 0 0
17 1 0 0 0
18 1 0 0 0
19 1 0 0 0
-14 0 0 0 0
-13 0 0 0 0
-12 0 0 0 0
-11 0 0 0 0
-10 0 0 0 0
-9 0 0 0 0
-8 0 0 0 0
-7 0 0 0 0
-6 0 0 0 0
-5 0 0 0 1911
-4 0 0 0 0
-3 0 0 0 0
-2 0 0 0 0
-1 0 0 0 305
0 0 0 0 0
1 0 0 0 2243
2 0 0 0 0
3 0 0 0 2209
4 0 0 0 33
5 0 0 0 1911
6 0 0 0 0
7 0 0 0 0
8 0 0 0 0
9 0 0 0 0
10 0 0 0 0
11 0 0 0 0
12 0 0 0 0
13 0 0 0 0
14 0 0 0 0
15 0 0 0 0
16 0 0 0 0
17 0 0 0 0
18 0 0 0 0
19 0 0 0 0
-14 -1 0 0 0
-13 -1 0 0 0
-12 -1 0 0 0
-11 -1 0 0 0
-10 -1 0 0 0
-9 -1 0 0 0
-8 -1 0 0 0
-7 -1 0 0 0
-6 -1 0 0 0
-5 -1 0 0 1911
-4 -1 0 0 1602
-3 -1 0 0 1602
-2 -1 0 0 239
-1 -1 0 0 426
0 -1 0 0 712
1 -1 0 0 200
2 -1 0 0 2268
3 -1 0 0 2355
4 -1 0 0 1836
5 -1 0 0 1911
6 -1 0 0 0
7 -1 0 0 0
8 -1 0 0 0
9 -1 0 0 0
10 -1 0 0 0
11 -1 0 0 0
12 -1 0 0 0
13 -1 0 0 0
14 -1 0 0 0
15 -1 0 0 0
16 -1 0 0 0
17 -1 0 0 0
18 -1 0 0 0
19 -1 0 0 0
-14 -2 0 0 0
-13 -2 0 0 0
-12 -2 0 0 0
-11 -2 0 0 0
-10 -2 0 0 0
-9 -2 0 0 0
-8 -2 0 0 0
-7 -2 0 0 0
-6 -2 0 0 0
-5 -2 0 0 1911
-4 -2 0 0 0
-3 -2 0 0 0
-2 -2 0 0 292,459,441
-1 -2 0 0 1837
0 -2 0 0 2123
1 -2 0 0 203
2 -2 0 0 2263
3 -2 0 0 560
4 -2 0 0 292,69,69,69
5 -2 0 0 1911
6 -2 0 0 0
7 -2 0 0 0
8 -2 0 0 0
9 -2 0 0 0
10 -2 0 0 0
11 -2 0 0 0
12 -2 0 0 0
13 -2 0 0 0
14 -2 0 0 0
15 -2 0 0 0
16 -2 0 0 0
17 -2 0 0 0
18 -2 0 0 0
19 -2 0 0 0
-14 -3 0 0 0
-13 -3 0 0 0
-12 -3 0 0 0
-11 -3 0 0 0
-10 -3 0 0 0
-9 -3 0 0 0
-8 -3 0 0 0
-7 -3 0 0 0
-6 -3 0 0 0
-5 -3 0 0 1911
-4 -3 0 0 2172,298,298,298,298,298,298
-3 -3 0 0 2172,198:2530:2530:2530:2530,198:2530:2530:2530:2530,198:2532:2532:2532:2532,198:2532:2532:2532:2532,198:2515:2515:2515:2515
-2 -3 0 0 0
-1 -3 0 0 0
0 -3 0 0 0
1 -3 0 0 203
2 -3 0 0 1835
3 -3 0 0 1835
4 -3 0 0 292,69,69,69
5 -3 0 0 1911
6 -3 0 0 0
7 -3 0 0 0
8 -3 0 0 0
9 -3 0 0 0
10 -3 0 0 0
11 -3 0 0 0
12 -3 0 0 0
13 -3 0 0 0
14 -3 0 0 0
15 -3 0 0 0
16 -3 0 0 0
17 -3 0 0 0
18 -3 0 0 0
19 -3 0 0 0
-14 -4 0 0 0
-13 -4 0 0 0
-12 -4 0 0 0
-11 -4 0 0 0
-10 -4 0 0 0
-9 -4 0 0 0
-8 -4 0 0 0
-7 -4 0 0 0
-6 -4 0 0 0
-5 -4 0 0 1911
-4 -4 0 0 2172,298,298,298,298,298,298
-3 -4 0 0 2172,198:2504:2504:2504:2504,198:2504:2504:2504:2504,198:2514:2514:2514:2514,198:674:674:674:674,198:2540:2540:2540:2540,198:2540:2540:2540:2540
-2 -4 0 0 0
-1 -4 0 0 34
0 -4 0 0 1603
1 -4 0 0 0
2 -4 0 0 0
3 -4 0 0 2172,2531,2531,2531,2531,2531,2531
4 -4 0 0 2172,2531,2531,2531,2531
5 -4 0 0 1911
6 -4 0 0 0
7 -4 0 0 0
8 -4 0 0 0
9 -4 0 0 0
10 -4 0 0 0
11 -4 0 0 0
12 -4 0 0 0
13 -4 0 0 0
14 -4 0 0 0
15 -4 0 0 0
16 -4 0 0 0
17 -4 0 0 0
18 -4 0 0 0
19 -4 0 0 0
-14 -5 0 0 0
-13 -5 0 0 0
-12 -5 0 0 0
-11 -5 0 0 0
-10 -5 0 0 0
-9 -5 0 0 0
-8 -5 0 0 0
-7 -5 0 0 0
-6 -5 0 0 0
-5 -5 0 0 1911
-4 -5 0 0 2557
-3 -5 0 0 2557
-2 -5 0 0 2557
-1 -5 0 0 2557
0 -5 0 0 2567
1 -5 0 0 2140
2 -5 0 0 2140
3 -5 0 0 2140
4 -5 0 0 761
5 -5 0 0 1911
6 -5 0 0 0
7 -5 0 0 0
8 -5 0 0 0
9 -5 0 0 0
10 -5 0 0 0
11 -5 0 0 0
12 -5 0 0 0
13 -5 0 0 0
14 -5 0 0 0
15 -5 0 0 0
16 -5 0 0 0
17 -5 0 0 0
18 -5 0 0 0
19 -5 0 0 0
-14 -6 0 0 0
-13 -6 0 0 0
-12 -6 0 0 0
-11 -6 0 0 0
-10 -6 0 0 0
-9 -6 0 0 0
-8 -6 0 0 0
-7 -6 0 0 0
-6 -6 0 0 0
-5 -6 0 0 1910
-4 -6 0 0 1912
-3 -6 0 0 1912
-2 -6 0 0 1912
-1 -6 0 0 1912
0 -6 0 0 1912
1 -6 0 0 1912
2 -6 0 0 1912
3 -6 0 0 1912
4 -6 0 0 1912
5 -6 0 0 1910
6 -6 0 0 0
7 -6 0 0 0
8 -6 0 0 0
9 -6 0 0 0
10 -6 0 0 0
11 -6 0 0 0
12 -6 0 0 0
13 -6 0 0 0
14 -6 0 0 0
15 -6 0 0 0
16 -6 0 0 0
17 -6 0 0 0
18 -6 0 0 0
19 -6 0 0 0
-14 -7 0 0 0
-13 -7 0 0 0
-12 -7 0 0 0
-11 -7 0 0 0
-10 -7 0 0 0
-9 -7 0 0 0
-8 -7 0 0 0
-7 -7 0 0 0
-6 -7 0 0 0
-5 -7 0 0 0
-4 -7 0 0 0
-3 -7 0 0 0
-2 -7 0 0 0
-1 -7 0 0 0
0 -7 0 0 0
1 -7 0 0 0
2 -7 0 0 0
3 -7 0 0 0
4 -7 0 0 0
5 -7 0 0 0
6 -7 0 0 0
7 -7 0 0 0
8 -7 0 0 0
9 -7 0 0 0
10 -7 0 0 0
11 -7 0 0 0
12 -7 0 0 0
13 -7 0 0 0
14 -7 0 0 0
15 -7 0 0 0
16 -7 0 0 0
17 -7 0 0 0
18 -7 0 0 0
19 -7 0 0 0
-14 -8 0 0 0
-13 -8 0 0 0
-12 -8 0 0 0
-11 -8 0 0 0
-10 -8 0 0 0
-9 -8 0 0 0
-8 -8 0 0 0
-7 -8 0 0 0
-6 -8 0 0 0
-5 -8 0 0 0
-4 -8 0 0 0
-3 -8 0 0 0
-2 -8 0 0 0
-1 -8 0 0 0
0 -8 0 0 0
1 -8 0 0 0
2 -8 0 0 0
3 -8 0 0 0
4 -8 0 0 0
5 -8 0 0 0
6 -8 0 0 0
7 -8 0 0 0
8 -8 0 0 0
9 -8 0 0 0
10 -8 0 0 0
11 -8 0 0 0
12 -8 0 0 0
13 -8 0 0 0
14 -8 0 0 0
15 -8 0 0 0
16 -8 0 0 0
17 -8 0 0 0
18 -8 0 0 0
19 -8 0 0 0
-13 -9 0 0 0
-12 -9 0 0 0
-11 -9 0 0 0
-10 -9 0 0 0
-9 -9 0 0 0
-8 -9 0 0 0
-7 -9 0 0 0
-6 -9 0 0 0
-5 -9 0 0 0
-4 -9 0 0 0
-3 -9 0 0 0
-2 -9 0 0 0
-1 -9 0 0 0
0 -9 0 0 0
1 -9 0 0 0
2 -9 0 0 0
3 -9 0 0 0
4 -9 0 0 0
5 -9 0 0 0
6 -9 0 0 0
7 -9 0 0 0
8 -9 0 0 0
9 -9 0 0 0
10 -9 0 0 0
11 -9 0 0 0
12 -9 0 0 0
13 -9 0 0 0
14 -9 0 0 0
15 -9 0 0 0
16 -9 0 0 0
17 -9 0 0 0
18 -9 0 0 0
-13 -10 0 0 0
-12 -10 0 0 0
-11 -10 0 0 0
-10 -10 0 0 0
-9 -10 0 0 0
-8 -10 0 0 0
-7 -10 0 0 0
-6 -10 0 0 0
-5 -10 0 0 0
-4 -10 0 0 0
-3 -10 0 0 0
-2 -10 0 0 0
-1 -10 0 0 0
0 -10 0 0 0
1 -10 0 0 0
2 -10 0 0 0
3 -10 0 0 0
4 -10 0 0 0
5 -10 0 0 0
6 -10 0 0 0
7 -10 0 0 0
8 -10 0 0 0
9 -10 0 0 0
10 -10 0 0 0
11 -10 0 0 0
12 -10 0 0 0
13 -10 0 0 0
14 -10 0 0 0
15 -10 0 0 0
16 -10 0 0 0
17 -10 0 0 0
18 -10 0 0 0
-13 -11 0 0 0
-12 -11 0 0 0
-11 -11 0 0 0
-10 -11 0 0 0
-9 -11 0 0 0
-8 -11 0 0 0
-7 -11 0 0 0
-6 -11 0 0 0
-5 -11 0 0 0
-4 -11 0 0 0
-3 -11 0 0 0
-2 -11 0 0 0
-1 -11 0 0 0
0 -11 0 0 0
1 -11 0 0 0
2 -11 0 0 0
3 -11 0 0 0
4 -11 0 0 0
5 -11 0 0 0
6 -11 0 0 0
7 -11 0 0 0
8 -11 0 0 0
9 -11 0 0 0
10 -11 0 0 0
11 -11 0 0 0
12 -11 0 0 0
13 -11 0 0 0
14 -11 0 0 0
15 -11 0 0 0
16 -11 0 0 0
17 -11 0 0 0
18 -11 0 0 0
-13 -12 0 0 0
-12 -12 0 0 0
-11 -12 0 0 0
-10 -12 0 0 0
-9 -12 0 0 0
-8 -12 0 0 0
-7 -12 0 0 0
-6 -12 0 0 0
-5 -12 0 0 0
-4 -12 0 0 0
-3 -12 0 0 0
-2 -12 0 0 0
-1 -12 0 0 0
0 -12 0 0 0
1 -12 0 0 0
2 -12 0 0 0
3 -12 0 0 0
4 -12 0 0 0
5 -12 0 0 0
6 -12 0 0 0
7 -12 0 0 0
8 -12 0 0 0
9 -12 0 0 0
10 -12 0 0 0
11 -12 0 0 0
12 -12 0 0 0
13 -12 0 0 0
14 -12 0 0 0
15 -12 0 0 0
16 -12 0 0 0
17 -12 0 0 0
18 -12 0 0 0
-13 -13 0 0 0
-12 -13 0 0 0
-11 -13 0 0 0
-10 -13 0 0 0
-9 -13 0 0 0
-8 -13 0 0 0
-7 -13 0 0 0
-6 -13 0 0 0
-5 -13 0 0 0
-4 -13 0 0 0
-3 -13 0 0 0
-2 -13 0 0 0
-1 -13 0 0 0
0 -13 0 0 0
1 -13 0 0 0
2 -13 0 0 0
3 -13 0 0 0
4 -13 0 0 0
5 -13 0 0 0
6 -13 0 0 0
7 -13 0 0 0
8 -13 0 0 0
9 -13 0 0 0
10 -13 0 0 0
11 -13 0 0 0
12 -13 0 0 0
13 -13 0 0 0
14 -13 0 0 0
15 -13 0 0 0
16 -13 0 0 0
17 -13 0 0 0
18 -13 0 0 0
