-15 4 0 0 0
-14 4 0 0 0
-13 4 0 0 0
-12 4 0 0 0
-11 4 0 0 0
-10 4 0 0 0
-9 4 0 0 0
-8 4 0 0 0
-7 4 0 0 0
-6 4 0 0 0
-5 4 0 0 0
-4 4 0 0 0
-3 4 0 0 0
-2 4 0 0 0
-1 4 0 0 0
0 4 0 0 0
1 4 0 0 0
2 4 1 0 0
3 4 1 0 0
4 4 1 0 0
5 4 1 0 0
6 4 1 0 0
7 4 1 0 0
8 4 1 0 0
9 4 1 0 0
10 4 1 0 0
11 4 1 0 0
12 4 1 0 0
13 4 1 0 0
14 4 1 0 0
15 4 1 0 0
16 4 1 0 0
17 4 1 0 0
18 4 1 0 0
19 4 1 0 0
20 4 1 0 0
21 4 1 0 0
-17 3 0 0 0
-16 3 0 0 0
-15 3 0 0 0
-14 3 0 0 0
-13 3 0 0 0
-12 3 0 0 0
-11 3 0 0 0
-10 3 0 0 0
-9 3 0 0 0
-8 3 0 0 0
-7 3 0 0 0
-6 3 0 0 0
-5 3 0 0 1907
-4 3 0 0 1909
-3 3 0 0 1909
-2 3 0 0 1909
-1 3 0 0 1909
0 3 0 0 1909
1 3 0 0 1909
2 3 0 0 1909
3 3 0 0 1909
4 3 1 0 1909
5 3 1 0 1909
6 3 1 0 1909
7 3 1 0 1909
8 3 1 0 1909
9 3 1 0 1907
10 3 1 0 0
11 3 1 0 0
12 3 1 0 0
13 3 1 0 0
14 3 1 0 0
15 3 1 0 0
16 3 1 0 0
17 3 1 0 0
18 3 1 0 0
19 3 1 0 0
20 3 1 0 0
21 3 1 0 0
-17 2 0 0 0
-16 2 0 0 0
-15 2 0 0 0
-14 2 0 0 0
-13 2 0 0 0
-12 2 0 0 0
-11 2 0 0 0
-10 2 0 0 0
-9 2 0 0 0
-8 2 0 0 0
-7 2 0 0 0
-6 2 0 0 0
-5 2 0 0 1908
-4 2 0 0 64
-3 2 0 0 30
-2 2 0 0 136
-1 2 0 0 63
0 2 0 0 49
1 2 0 0 211
2 2 0 0 1875
3 2 0 0 2142
4 2 1 0 121
5 2 1 0 121
6 2 1 0 121
7 2 1 0 121
8 2 1 0 121
9 2 1 0 1908
10 2 1 0 0
11 2 1 0 0
12 2 1 0 0
13 2 1 0 0
14 2 1 0 0
15 2 1 0 0
16 2 1 0 0
17 2 1 0 0
18 2 1 0 0
19 2 1 0 0
20 2 1 0 0
21 2 1 0 0
-17 1 0 0 0
-16 1 0 0 0
-15 1 0 0 0
-14 1 0 0 0
-13 1 0 0 0
-12 1 0 0 0
-11 1 0 0 0
-10 1 0 0 0
-9 1 0 0 0
-8 1 0 0 0
-7 1 0 0 0
-6 1 0 0 0
-5 1 0 0 1908
-4 1 0 0 64
-3 1 0 0 30
-2 1 0 0 136
-1 1 0 0 50
0 1 0 0 50
1 1 0 0 50
2 1 0 0 64
3 1 0 0 64
4 1 1 0 125
5 1 1 0 0
6 1 1 0 0
7 1 1 0 125
8 1 1 0 125
9 1 1 0 1908
10 1 1 0 0
11 1 1 0 0
12 1 1 0 0
13 1 1 0 0
14 1 1 0 0
15 1 1 0 0
16 1 1 0 0
17 1 1 0 0
18 1 1 0 0
19 1 1 0 0
20 1 1 0 0
21 1 1 0 0
-17 0 0 0 0
-16 0 0 0 0
-15 0 0 0 0
-14 0 0 0 0
-13 0 0 0 0
-12 0 0 0 0
-11 0 0 0 0
-10 0 0 0 0
-9 0 0 0 0
-8 0 0 0 0
-7 0 0 0 0
-6 0 0 0 0
-5 0 0 0 1908
-4 0 0 0 64
-3 0 0 0 30
-2 0 0 0 0
-1 0 0 0 50
0 0 0 0 0
1 0 0 0 50
2 0 0 0 64
3 0 0 0 64
4 0 1 0 121
5 0 1 0 121
6 0 1 0 121
7 0 1 0 125
8 0 1 0 121
9 0 1 0 1908
10 0 1 0 0
11 0 1 0 0
12 0 1 0 0
13 0 1 0 0
14 0 1 0 0
15 0 1 0 0
16 0 1 0 0
17 0 1 0 0
18 0 1 0 0
19 0 1 0 0
20 0 1 0 0
21 0 1 0 0
-17 -1 0 0 0
-16 -1 0 0 0
-15 -1 0 0 0
-14 -1 0 0 0
-13 -1 0 0 0
-12 -1 0 0 0
-11 -1 0 0 0
-10 -1 0 0 0
-9 -1 0 0 0
-8 -1 0 0 0
-7 -1 0 0 0
-6 -1 0 0 0
-5 -1 0 0 1908
-4 -1 0 0 52
-3 -1 0 0 32
-2 -1 0 0 33
-1 -1 0 0 50
0 -1 0 0 50
1 -1 0 0 50
2 -1 0 0 66
3 -1 0 0 66
4 -1 0 0 66
5 -1 1 0 1261
6 -1 1 0 1261
7 -1 1 0 1261
8 -1 1 0 121
9 -1 1 0 1908
10 -1 1 0 0
11 -1 1 0 0
12 -1 1 0 0
13 -1 1 0 0
14 -1 1 0 0
15 -1 1 0 0
16 -1 1 0 0
17 -1 1 0 0
18 -1 1 0 0
19 -1 1 0 0
20 -1 1 0 0
21 -1 1 0 0
-17 -2 0 0 0
-16 -2 0 0 0
-15 -2 0 0 0
-14 -2 0 0 0
-13 -2 0 0 0
-12 -2 0 0 0
-11 -2 0 0 0
-10 -2 0 0 0
-9 -2 0 0 0
-8 -2 0 0 0
-7 -2 0 0 0
-6 -2 0 0 0
-5 -2 0 0 1908
-4 -2 0 0 52
-3 -2 0 0 52
-2 -2 0 0 33
-1 -2 0 0 133
0 -2 0 0 64
1 -2 0 0 64
2 -2 0 0 66
3 -2 0 0 66
4 -2 0 0 132
5 -2 0 0 132
6 -2 0 0 66
7 -2 0 0 66
8 -2 0 0 64
9 -2 0 0 1908
10 -2 0 0 0
11 -2 0 0 0
12 -2 0 0 0
13 -2 0 0 0
14 -2 0 0 0
15 -2 0 0 0
16 -2 0 0 0
17 -2 0 0 0
18 -2 0 0 0
19 -2 0 0 0
20 -2 0 0 0
21 -2 0 0 0
-17 -3 0 0 0
-16 -3 0 0 0
-15 -3 0 0 0
-14 -3 0 0 0
-13 -3 0 0 0
-12 -3 0 0 0
-11 -3 0 0 0
-10 -3 0 0 0
-9 -3 0 0 0
-8 -3 0 0 0
-7 -3 0 0 0
-6 -3 0 0 0
-5 -3 0 0 1908
-4 -3 0 0 52
-3 -3 0 0 52
-2 -3 0 0 33
-1 -3 0 0 0
0 -3 0 0 51
1 -3 0 0 64
2 -3 0 0 64
3 -3 0 0 132
4 -3 0 0 64
5 -3 0 0 64
6 -3 0 0 64
7 -3 0 0 64
8 -3 0 0 64
9 -3 0 0 1908
10 -3 0 0 0
11 -3 0 0 0
12 -3 0 0 0
13 -3 0 0 0
14 -3 0 0 0
15 -3 0 0 0
16 -3 0 0 0
17 -3 0 0 0
18 -3 0 0 0
19 -3 0 0 0
20 -3 0 0 0
21 -3 0 0 0
-17 -4 0 0 0
-16 -4 2 0 0
-15 -4 2 0 0
-14 -4 2 0 0
-13 -4 2 0 0
-12 -4 2 0 0
-11 -4 2 0 0
-10 -4 2 0 0
-9 -4 2 0 0
-8 -4 2 0 0
-7 -4 2 0 0
-6 -4 2 0 0
-5 -4 2 0 1908
-4 -4 2 0 242
-3 -4 2 0 36
-2 -4 2 0 167
-1 -4 0 0 51
0 -4 0 0 51
1 -4 5 0 291
2 -4 5 0 291
3 -4 5 0 291
4 -4 3 0 290
5 -4 3 0 290
6 -4 3 0 290
7 -4 3 0 290
8 -4 3 0 942
9 -4 3 0 1908
10 -4 3 0 0
11 -4 3 0 0
12 -4 3 0 0
13 -4 3 0 0
14 -4 3 0 0
15 -4 3 0 0
16 -4 3 0 0
17 -4 3 0 0
18 -4 3 0 0
19 -4 3 0 0
20 -4 3 0 0
21 -4 3 0 0
-16 -5 2 0 0
-15 -5 2 0 0
-14 -5 2 0 0
-13 -5 2 0 0
-12 -5 2 0 0
-11 -5 2 0 0
-10 -5 2 0 0
-9 -5 2 0 0
-8 -5 2 0 0
-7 -5 2 0 0
-6 -5 2 0 0
-5 -5 2 0 1908
-4 -5 2 0 242
-3 -5 2 0 36
-2 -5 2 0 167
-1 -5 0 0 51
0 -5 0 0 51
1 -5 5 0 291
2 -5 5 0 291
3 -5 5 0 291
4 -5 3 0 290
5 -5 3 0 290
6 -5 3 0 290
7 -5 3 0 290
8 -5 3 0 290
9 -5 3 0 1908
10 -5 3 0 0
11 -5 3 0 0
12 -5 3 0 0
13 -5 3 0 0
14 -5 3 0 0
15 -5 3 0 0
16 -5 3 0 0
17 -5 3 0 0
18 -5 3 0 0
19 -5 3 0 0
20 -5 3 0 0
21 -5 3 0 0
-16 -6 2 0 0
-15 -6 2 0 0
-14 -6 2 0 0
-13 -6 2 0 0
-12 -6 2 0 0
-11 -6 2 0 0
-10 -6 2 0 0
-9 -6 2 0 0
-8 -6 2 0 0
-7 -6 2 0 0
-6 -6 2 0 0
-5 -6 2 0 1908
-4 -6 2 0 242
-3 -6 2 0 36
-2 -6 2 0 167
-1 -6 0 0 51
0 -6 0 0 51
1 -6 5 0 291
2 -6 5 0 291
3 -6 5 0 769
4 -6 3 0 290
5 -6 3 0 290
6 -6 3 0 290
7 -6 3 0 290
8 -6 3 0 531
9 -6 3 0 1908
10 -6 3 0 0
11 -6 3 0 0
12 -6 3 0 0
13 -6 3 0 0
14 -6 3 0 0
15 -6 3 0 0
16 -6 3 0 0
17 -6 3 0 0
18 -6 3 0 0
19 -6 3 0 0
20 -6 3 0 0
21 -6 3 0 0
-16 -7 2 0 0
-15 -7 2 0 0
-14 -7 2 0 0
-13 -7 2 0 0
-12 -7 2 0 0
-11 -7 2 0 0
-10 -7 2 0 0
-9 -7 2 0 0
-8 -7 2 0 0
-7 -7 2 0 0
-6 -7 2 0 0
-5 -7 2 0 1907
-4 -7 2 0 1909
-3 -7 2 0 1909
-2 -7 2 0 1907
-1 -7 0 0 0
0 -7 5 0 1907
1 -7 5 0 1909
2 -7 5 0 1909
3 -7 5 0 1909
4 -7 3 0 1909
5 -7 3 0 1909
6 -7 3 0 1909
7 -7 3 0 1909
8 -7 3 0 1909
9 -7 3 0 1907
10 -7 3 0 0
11 -7 3 0 0
12 -7 3 0 0
13 -7 3 0 0
14 -7 3 0 0
15 -7 3 0 0
16 -7 3 0 0
17 -7 3 0 0
18 -7 3 0 0
19 -7 3 0 0
20 -7 3 0 0
21 -7 3 0 0
-16 -8 2 0 0
-15 -8 2 0 0
-14 -8 2 0 0
-13 -8 2 0 0
-12 -8 2 0 0
-11 -8 2 0 0
-10 -8 2 0 0
-9 -8 2 0 0
-8 -8 2 0 0
-7 -8 2 0 0
-6 -8 2 0 0
-5 -8 2 0 0
-4 -8 2 0 0
-3 -8 2 0 0
-2 -8 2 0 1908
-1 -8 5 0 628
0 -8 5 0 628
1 -8 5 0 628
2 -8 5 0 628
3 -8 5 0 628
4 -8 5 0 628
5 -8 5 0 628
6 -8 5 0 628
7 -8 5 0 628
8 -8 5 0 628
9 -8 3 0 1908
10 -8 3 0 0
11 -8 3 0 0
12 -8 3 0 0
13 -8 3 0 0
14 -8 3 0 0
15 -8 3 0 0
16 -8 3 0 0
17 -8 3 0 0
18 -8 3 0 0
19 -8 3 0 0
20 -8 3 0 0
21 -8 3 0 0
-16 -9 2 0 0
-15 -9 2 0 0
-14 -9 2 0 0
-13 -9 2 0 0
-12 -9 2 0 0
-11 -9 2 0 0
-10 -9 2 0 0
-9 -9 2 0 0
-8 -9 2 0 0
-7 -9 2 0 0
-6 -9 2 0 0
-5 -9 2 0 0
-4 -9 2 0 0
-3 -9 2 0 0
-2 -9 2 0 1907
-1 -9 2 0 1909
0 -9 5 0 1909
1 -9 5 0 1909
2 -9 5 0 1909
3 -9 5 0 1909
4 -9 3 0 1909
5 -9 3 0 1909
6 -9 3 0 1909
7 -9 3 0 1907
8 -9 3 0 0
9 -9 3 0 1907
10 -9 3 0 0
11 -9 3 0 0
12 -9 3 0 0
13 -9 3 0 0
14 -9 3 0 0
15 -9 3 0 0
16 -9 3 0 0
17 -9 3 0 0
18 -9 3 0 0
19 -9 3 0 0
20 -9 3 0 0
21 -9 3 0 0
-16 -10 2 0 0
-15 -10 2 0 0
-14 -10 2 0 0
-13 -10 2 0 0
-12 -10 2 0 0
-11 -10 2 0 0
-10 -10 2 0 0
-9 -10 2 0 0
-8 -10 2 0 0
-7 -10 2 0 0
-6 -10 2 0 0
-5 -10 2 0 0
-4 -10 2 0 0
-3 -10 2 0 0
-2 -10 2 0 0
-1 -10 2 0 0
0 -10 5 0 0
1 -10 5 0 0
2 -10 5 0 0
3 -10 5 0 0
4 -10 3 0 0
5 -10 3 0 0
6 -10 3 0 0
7 -10 3 0 0
8 -10 3 0 0
9 -10 3 0 0
10 -10 3 0 0
11 -10 3 0 0
12 -10 3 0 0
13 -10 3 0 0
14 -10 3 0 0
15 -10 3 0 0
16 -10 3 0 0
17 -10 3 0 0
18 -10 3 0 0
19 -10 3 0 0
20 -10 3 0 0
21 -10 3 0 0
-16 -11 2 0 0
-15 -11 2 0 0
-14 -11 2 0 0
-13 -11 2 0 0
-12 -11 2 0 0
-11 -11 2 0 0
-10 -11 2 0 0
-9 -11 2 0 0
-8 -11 2 0 0
-7 -11 2 0 0
-6 -11 2 0 0
-5 -11 2 0 0
-4 -11 2 0 0
-3 -11 2 0 0
-2 -11 2 0 0
-1 -11 2 0 0
0 -11 5 0 0
1 -11 5 0 0
2 -11 5 0 0
3 -11 5 0 0
4 -11 3 0 0
5 -11 3 0 0
6 -11 3 0 0
7 -11 3 0 0
8 -11 4 0 977,952,966,960,956,971,948,948,961,953,953,957,963,953,955
9 -11 3 0 0
10 -11 3 0 0
11 -11 3 0 0
12 -11 3 0 0
13 -11 3 0 0
14 -11 3 0 0
15 -11 3 0 0
16 -11 3 0 0
17 -11 3 0 0
18 -11 3 0 0
19 -11 3 0 0
20 -11 3 0 0
21 -11 3 0 0
-9 -12 2 0 0
-8 -12 2 0 0
-7 -12 2 0 0
-6 -12 2 0 0
-5 -12 2 0 0
-4 -12 2 0 0
-3 -12 2 0 0
-2 -12 2 0 0
-1 -12 2 0 0
0 -12 5 0 0
1 -12 5 0 0
2 -12 5 0 0
3 -12 5 0 0
4 -12 3 0 0
5 -12 3 0 0
6 -12 3 0 0
7 -12 3 0 0
8 -12 3 0 0
9 -12 3 0 0
10 -12 3 0 0
11 -12 3 0 0
12 -12 3 0 0
13 -12 3 0 0
14 -12 3 0 0
15 -12 3 0 0
16 -12 3 0 0
17 -12 3 0 0
18 -12 3 0 0
19 -12 3 0 0
20 -12 3 0 0
21 -12 3 0 0
-9 -13 2 0 0
-8 -13 2 0 0
-7 -13 2 0 0
-6 -13 2 0 0
-5 -13 2 0 0
-4 -13 2 0 0
-3 -13 2 0 0
-2 -13 2 0 0
-1 -13 2 0 0
0 -13 5 0 0
1 -13 5 0 0
2 -13 5 0 0
3 -13 5 0 0
4 -13 3 0 0
5 -13 3 0 0
6 -13 3 0 0
7 -13 3 0 0
8 -13 3 0 0
9 -13 3 0 0
10 -13 3 0 0
11 -13 3 0 0
12 -13 3 0 0
13 -13 3 0 0
14 -13 3 0 0
15 -13 3 0 0
16 -13 3 0 0
17 -13 3 0 0
18 -13 3 0 0
19 -13 3 0 0
20 -13 3 0 0
21 -13 3 0 0
