-6 7 3 0 0
-5 7 3 0 0
-4 7 3 0 0
-3 7 3 0 0
-2 7 3 0 0
-1 7 3 0 0
0 7 3 0 0
1 7 3 0 0
2 7 3 0 0
3 7 3 0 0
4 7 3 0 0
5 7 3 0 0
6 7 3 0 0
7 7 3 0 0
8 7 3 0 0
9 7 3 0 0
10 7 3 0 0
11 7 3 0 0
-6 6 3 0 0
-5 6 3 0 0
-4 6 3 0 0
-3 6 3 0 0
-2 6 3 0 0
-1 6 3 0 0
0 6 3 0 0
1 6 3 0 0
2 6 3 0 0
3 6 3 0 0
4 6 3 0 0
5 6 3 0 0
6 6 3 0 0
7 6 3 0 0
8 6 3 0 0
9 6 3 0 0
10 6 3 0 0
11 6 3 0 0
-6 5 3 0 0
-5 5 3 0 0
-4 5 3 0 0
-3 5 3 0 0
-2 5 3 0 0
-1 5 3 0 0
0 5 3 0 0
1 5 3 0 0
2 5 3 0 0
3 5 3 0 0
4 5 3 0 0
5 5 3 0 0
6 5 3 0 0
7 5 3 0 0
8 5 3 0 0
9 5 3 0 0
10 5 3 0 0
11 5 3 0 0
-6 4 3 0 0
-5 4 3 0 1913
-4 4 3 0 1915
-3 4 3 0 1915
-2 4 3 0 1915
-1 4 3 0 1915
0 4 3 0 1915
1 4 3 0 994,948,952,971,951,957,960,948,948,948,952,956,971,948,948
2 4 3 0 1915
3 4 3 0 1915
4 4 3 0 1915
5 4 3 0 1915
6 4 3 0 1913
7 4 3 0 0
8 4 3 0 0
9 4 3 0 0
10 4 3 0 0
11 4 3 0 0
-6 3 3 0 0
-5 3 3 0 1914
-4 3 3 0 1599
-3 3 3 0 1599
-2 3 3 0 1316
-1 3 3 0 1316
0 3 3 0 434,712,426,292:203:203:200,198
1 3 3 0 671
2 3 3 0 671
3 3 3 0 2307
4 3 3 0 300
5 3 3 0 300
6 3 3 0 1914
7 3 3 0 0
8 3 3 0 0
9 3 3 0 0
10 3 3 0 0
11 3 3 0 0
-6 2 3 0 0
-5 2 3 0 1914
-4 2 3 0 1599
-3 2 3 0 1599
-2 2 3 0 1417
-1 2 3 0 1417
0 2 3 0 0
1 2 3 0 2172,292:107:33:467,812,812,812,812,2215
2 2 3 0 131
3 2 3 0 300
4 2 3 0 300
5 2 3 0 300
6 2 3 0 1914
7 2 3 0 0
8 2 3 0 0
9 2 3 0 0
10 2 3 0 0
11 2 3 0 0
-6 1 3 0 0
-5 1 3 0 1914
-4 1 3 0 0
-3 1 3 0 127
-2 1 3 0 67
-1 1 3 0 0
0 1 3 0 660
1 1 3 0 59
2 1 3 0 2228
3 1 3 0 300
4 1 3 0 300
5 1 3 0 300
6 1 3 0 1914
7 1 3 0 0
8 1 3 0 0
9 1 3 0 0
10 1 3 0 0
11 1 3 0 0
-6 0 3 0 0
-5 0 3 0 1914
-4 0 3 0 0
-3 0 3 0 0
-2 0 3 0 305
-1 0 3 0 239
0 0 3 0 0
1 0 3 0 0
2 0 3 0 298
3 0 3 0 300
4 0 3 0 300
5 0 3 0 300
6 0 3 0 1914
7 0 3 0 0
8 0 3 0 0
9 0 3 0 0
10 0 3 0 0
11 0 3 0 0
-6 -1 3 0 0
-5 -1 3 0 1914
-4 -1 3 0 0
-3 -1 3 0 1836
-2 -1 3 0 441
-1 -1 3 0 0
0 -1 3 0 0
1 -1 3 0 2263
2 -1 3 0 2209
3 -1 3 0 557
4 -1 3 0 59
5 -1 3 0 1213
6 -1 3 0 1914
7 -1 3 0 0
8 -1 3 0 0
9 -1 3 0 0
10 -1 3 0 0
11 -1 3 0 0
-6 -2 3 0 0
-5 -2 3 0 1914
-4 -2 3 0 2123
-3 -2 3 0 1837
-2 -2 3 0 1837
-1 -2 3 0 1837
0 -2 3 0 1837
1 -2 3 0 2268
2 -2 3 0 560
3 -2 3 0 557
4 -2 3 0 2166
5 -2 3 0 69
6 -2 3 0 1914
7 -2 3 0 0
8 -2 3 0 0
9 -2 3 0 0
10 -2 3 0 0
11 -2 3 0 0
-6 -3 3 0 0
-5 -3 3 0 1914
-4 -3 3 0 2123
-3 -3 3 0 1837
-2 -3 3 0 1837
-1 -3 3 0 1837
0 -3 3 0 1837
1 -3 3 0 434,1479,1479,1479,235
2 -3 3 0 474
3 -3 3 0 472
4 -3 3 0 434,2168,2168,2168,2168
5 -3 3 0 247
6 -3 3 0 1914
7 -3 3 0 0
8 -3 3 0 0
9 -3 3 0 0
10 -3 3 0 0
11 -3 3 0 0
-6 -4 3 0 0
-5 -4 3 0 1913
-4 -4 3 0 1915
-3 -4 3 0 1915
-2 -4 3 0 1915
-1 -4 3 0 1915
0 -4 3 0 1915
1 -4 3 0 1915
2 -4 3 0 1915
3 -4 3 0 1915
4 -4 3 0 1915
5 -4 3 0 1915
6 -4 3 0 1913
7 -4 3 0 0
8 -4 3 0 0
9 -4 3 0 0
10 -4 3 0 0
11 -4 3 0 0
-6 -5 3 0 0
-5 -5 3 0 0
-4 -5 3 0 0
-3 -5 3 0 0
-2 -5 3 0 0
-1 -5 3 0 0
0 -5 3 0 0
1 -5 3 0 0
2 -5 3 0 0
3 -5 3 0 0
4 -5 3 0 0
5 -5 3 0 0
6 -5 3 0 0
7 -5 3 0 0
8 -5 3 0 0
9 -5 3 0 0
10 -5 3 0 0
11 -5 3 0 0
