-4 3 0 0 1883
-3 3 0 0 1885
-2 3 0 0 1885
-1 3 0 0 1885
0 3 0 0 1885
1 3 0 0 1885
2 3 0 0 1885
3 3 0 0 1885
4 3 1 0 1885
5 3 1 0 1885
6 3 1 0 1885
7 3 1 0 1885
8 3 1 0 1883
-4 2 0 0 1884
-3 2 0 0 30
-2 2 0 0 136
-1 2 0 0 63
0 2 0 0 49
1 2 0 0 211
2 2 0 0 63
3 2 0 0 63
4 2 1 0 121
5 2 1 0 121
6 2 1 0 121
7 2 1 0 121
8 2 1 0 1884
-4 1 0 0 1884
-3 1 0 0 30
-2 1 0 0 136
-1 1 0 0 50
0 1 0 0 52
1 1 0 0 51
2 1 0 0 64
3 1 0 0 64
4 1 0 0 66
5 1 1 0 0
6 1 1 0 125
7 1 1 0 125
8 1 1 0 1884
-4 0 0 0 1884
-3 0 0 0 0
-2 0 0 0 0
-1 0 0 0 52
0 0 0 0 0
1 0 0 0 50
2 0 0 0 64
3 0 0 0 64
4 0 0 0 66
5 0 1 0 0
6 0 1 0 125
7 0 1 0 121
8 0 1 0 1884
-4 -1 0 0 1884
-3 -1 0 0 32
-2 -1 0 0 33
-1 -1 0 0 51
0 -1 0 0 50
1 -1 0 0 52
2 -1 0 0 66
3 -1 0 0 66
4 -1 0 0 132
5 -1 1 0 141
6 -1 1 0 141
7 -1 1 0 121
8 -1 1 0 1884
-4 -2 0 0 1884
-3 -2 0 0 33
-2 -2 0 0 33
-1 -2 0 0 133
0 -2 0 0 64
1 -2 0 0 64
2 -2 0 0 66
3 -2 0 0 66
4 -2 0 0 132
5 -2 0 0 66
6 -2 0 0 66
7 -2 0 0 64
8 -2 0 0 1884
-4 -3 0 0 1884
-3 -3 0 0 33
-2 -3 0 0 0
-1 -3 0 0 0
0 -3 0 0 51
1 -3 0 0 64
2 -3 0 0 64
3 -3 0 0 132
4 -3 0 0 132
5 -3 0 0 64
6 -3 0 0 64
7 -3 0 0 64
8 -3 0 0 1884
-4 -4 2 0 1884
-3 -4 2 0 36
-2 -4 2 0 167
-1 -4 0 0 51
0 -4 0 0 50
1 -4 5 0 291
2 -4 5 0 291
3 -4 5 0 291
4 -4 3 0 290
5 -4 3 0 290
6 -4 3 0 290
7 -4 3 0 531
8 -4 3 0 1884
-4 -5 2 0 1884
-3 -5 2 0 36
-2 -5 2 0 167
-1 -5 0 0 50
0 -5 0 0 52
1 -5 5 0 291
2 -5 5 0 291
3 -5 5 0 291
4 -5 3 0 290
5 -5 3 0 290
6 -5 3 0 290
7 -5 3 0 290
8 -5 3 0 1884
-4 -6 2 0 1884
-3 -6 2 0 36
-2 -6 2 0 167
-1 -6 0 0 0
0 -6 0 0 51
1 -6 5 0 291
2 -6 5 0 291
3 -6 5 0 769
4 -6 3 0 290
5 -6 3 0 290
6 -6 3 0 290
7 -6 3 0 531
8 -6 3 0 1884
-4 -7 2 0 1883
-3 -7 2 0 1885
-2 -7 2 0 1885
-1 -7 0 0 550
0 -7 0 0 1885
1 -7 5 0 1885
2 -7 5 0 1885
3 -7 5 0 1885
4 -7 3 0 1885
5 -7 3 0 1885
6 -7 3 0 1885
7 -7 3 0 1885
8 -7 3 0 1883
-4 -8 2 0 0
-3 -8 2 0 0
-2 -8 2 0 0
-1 -8 0 0 0
0 -8 5 0 0
1 -8 5 0 0
2 -8 5 0 0
3 -8 5 0 0
4 -8 3 0 0
5 -8 3 0 0
6 -8 3 0 0
7 -8 3 0 0
8 -8 3 0 0
-4 -9 2 0 0
-3 -9 2 0 0
-2 -9 2 0 0
-1 -9 4 0 0
0 -9 5 0 977,952,966,960,956,971,948,948,961,953,953,957,963,953,955
1 -9 5 0 0
2 -9 5 0 0
3 -9 5 0 0
-4 -10 2 0 0
-3 -10 2 0 0
-2 -10 2 0 0
-1 -10 2 0 0
0 -10 5 0 0
1 -10 5 0 0
2 -10 5 0 0
