-15 9 0 0 0
-14 9 0 0 0
-13 9 0 0 0
-12 9 0 0 0
-11 9 0 0 0
-10 9 0 0 0
-9 9 0 0 0
-8 9 0 0 0
-7 9 0 0 0
-6 9 0 0 0
-5 9 0 0 0
-4 9 0 0 0
-3 9 0 0 0
-2 9 0 0 0
-1 9 0 0 0
0 9 0 0 0
1 9 0 0 0
2 9 0 0 0
3 9 0 0 0
4 9 0 0 0
5 9 0 0 0
6 9 0 0 0
7 9 0 0 0
8 9 1 0 0
9 9 1 0 0
10 9 1 0 0
11 9 1 0 0
12 9 1 0 0
13 9 1 0 0
14 9 1 0 0
15 9 1 0 0
16 9 1 0 0
17 9 1 0 0
18 9 1 0 0
19 9 0 0 0
20 9 0 0 0
21 9 0 0 0
22 9 0 0 0
23 9 0 0 0
24 9 2 0 0
25 9 2 0 0
26 9 2 0 0
27 9 2 0 0
28 9 2 0 0
29 9 2 0 0
30 9 2 0 0
31 9 2 0 0
32 9 2 0 0
33 9 2 0 0
34 9 2 0 0
35 9 2 0 0
36 9 0 0 0
37 9 0 0 0
38 9 0 0 0
39 9 0 0 0
40 9 0 0 0
41 9 0 0 0
42 9 0 0 0
43 9 0 0 0
44 9 0 0 0
45 9 0 0 0
46 9 0 0 0
47 9 0 0 0
48 9 0 0 0
49 9 0 0 0
50 9 0 0 0
51 9 0 0 0
52 9 0 0 0
53 9 0 0 0
54 9 0 0 0
55 9 0 0 0
56 9 0 0 0
57 9 0 0 0
58 9 0 0 0
59 9 3 0 0
60 9 3 0 0
61 9 3 0 0
62 9 3 0 0
63 9 3 0 0
64 9 3 0 0
65 9 3 0 0
66 9 0 0 0
67 9 0 0 0
68 9 0 0 0
69 9 0 0 0
70 9 0 0 0
71 9 0 0 0
72 9 0 0 0
73 9 0 0 0
74 9 0 0 0
75 9 0 0 0
76 9 0 0 0
77 9 0 0 0
-15 8 0 0 0
-14 8 0 0 0
-13 8 0 0 0
-12 8 0 0 0
-11 8 0 0 0
-10 8 0 0 0
-9 8 0 0 0
-8 8 0 0 0
-7 8 0 0 0
-6 8 0 0 0
-5 8 0 0 0
-4 8 0 0 0
-3 8 0 0 0
-2 8 0 0 0
-1 8 0 0 0
0 8 0 0 0
1 8 0 0 0
2 8 0 0 0
3 8 0 0 0
4 8 0 0 0
5 8 0 0 0
6 8 0 0 0
7 8 0 0 0
8 8 1 0 0
9 8 1 0 0
10 8 1 0 0
11 8 1 0 0
12 8 1 0 0
13 8 1 0 0
14 8 1 0 0
15 8 1 0 0
16 8 1 0 0
17 8 1 0 0
18 8 1 0 0
19 8 0 0 0
20 8 0 0 0
21 8 0 0 0
22 8 0 0 0
23 8 0 0 0
24 8 2 0 0
25 8 2 0 0
26 8 2 0 0
27 8 2 0 0
28 8 2 0 0
29 8 2 0 0
30 8 2 0 0
31 8 2 0 0
32 8 2 0 0
33 8 2 0 0
34 8 2 0 0
35 8 2 0 0
36 8 0 0 0
37 8 0 0 0
38 8 0 0 0
39 8 0 0 0
40 8 0 0 0
41 8 0 0 0
42 8 0 0 0
43 8 0 0 0
44 8 0 0 0
45 8 0 0 0
46 8 0 0 0
47 8 0 0 0
48 8 0 0 0
49 8 0 0 0
50 8 0 0 0
51 8 0 0 0
52 8 0 0 0
53 8 0 0 0
54 8 0 0 0
55 8 0 0 0
56 8 0 0 0
57 8 0 0 0
58 8 0 0 0
59 8 3 0 0
60 8 3 0 0
61 8 3 0 0
62 8 3 0 0
63 8 3 0 0
64 8 3 0 0
65 8 3 0 0
66 8 0 0 0
67 8 0 0 0
68 8 0 0 0
69 8 0 0 0
70 8 0 0 0
71 8 0 0 0
72 8 0 0 0
73 8 0 0 0
74 8 0 0 0
75 8 0 0 0
76 8 0 0 0
77 8 0 0 0
-15 7 0 0 0
-14 7 0 0 0
-13 7 0 0 0
-12 7 0 0 0
-11 7 0 0 0
-10 7 0 0 0
-9 7 0 0 0
-8 7 0 0 0
-7 7 0 0 0
-6 7 0 0 0
-5 7 0 0 0
-4 7 0 0 0
-3 7 0 0 0
-2 7 0 0 0
-1 7 0 0 0
0 7 0 0 0
1 7 0 0 0
2 7 0 0 0
3 7 0 0 0
4 7 0 0 0
5 7 0 0 0
6 7 0 0 0
7 7 0 0 0
8 7 1 0 0
9 7 1 0 0
10 7 1 0 0
11 7 1 0 0
12 7 1 0 0
13 7 1 0 0
14 7 1 0 0
15 7 1 0 0
16 7 1 0 0
17 7 1 0 0
18 7 1 0 0
19 7 0 0 0
20 7 0 0 0
21 7 0 0 0
22 7 0 0 0
23 7 0 0 0
24 7 2 0 0
25 7 2 0 814
26 7 2 0 237
27 7 2 0 231
28 7 2 0 238
29 7 2 0 894
30 7 2 0 158
31 7 2 0 161
32 7 2 0 434
33 7 2 0 0
34 7 2 0 0
35 7 2 0 0
36 7 0 0 0
37 7 0 0 0
38 7 0 0 0
39 7 0 0 0
40 7 0 0 0
41 7 0 0 0
42 7 0 0 0
43 7 0 0 0
44 7 0 0 0
45 7 0 0 0
46 7 0 0 0
47 7 0 0 0
48 7 0 0 0
49 7 0 0 0
50 7 0 0 0
51 7 0 0 0
52 7 0 0 0
53 7 0 0 0
54 7 0 0 0
55 7 0 0 0
56 7 0 0 0
57 7 0 0 0
58 7 0 0 0
59 7 3 0 0
60 7 3 0 0
61 7 3 0 0
62 7 3 0 0
63 7 3 0 0
64 7 3 0 0
65 7 3 0 0
66 7 0 0 0
67 7 0 0 0
68 7 0 0 0
69 7 0 0 0
70 7 0 0 0
71 7 0 0 0
72 7 0 0 0
73 7 0 0 0
74 7 0 0 0
75 7 0 0 0
76 7 0 0 0
77 7 0 0 0
-15 6 0 0 0
-14 6 0 0 0
-13 6 0 0 0
-12 6 0 0 0
-11 6 0 0 0
-10 6 0 0 0
-9 6 0 0 0
-8 6 0 0 0
-7 6 0 0 0
-6 6 0 0 0
-5 6 0 0 0
-4 6 0 0 0
-3 6 0 0 0
-2 6 0 0 0
-1 6 0 0 0
0 6 0 0 0
1 6 0 0 0
2 6 0 0 0
3 6 0 0 0
4 6 0 0 0
5 6 0 0 0
6 6 0 0 0
7 6 0 0 0
8 6 1 0 0
9 6 1 0 0
10 6 1 0 0
11 6 1 0 0
12 6 1 0 0
13 6 1 0 0
14 6 1 0 0
15 6 1 0 0
16 6 1 0 0
17 6 1 0 0
18 6 1 0 0
19 6 0 0 0
20 6 0 0 0
21 6 0 0 0
22 6 0 0 0
23 6 0 0 0
24 6 2 0 0
25 6 2 0 0
26 6 2 0 0
27 6 2 0 0
28 6 2 0 0
29 6 2 0 0
30 6 2 0 0
31 6 2 0 0
32 6 2 0 0
33 6 2 0 0
34 6 2 0 0
35 6 2 0 0
36 6 0 0 0
37 6 0 0 0
38 6 0 0 0
39 6 0 0 0
40 6 0 0 0
41 6 0 0 0
42 6 0 0 0
43 6 0 0 0
44 6 0 0 0
45 6 0 0 0
46 6 0 0 0
47 6 0 0 0
48 6 0 0 0
49 6 0 0 0
50 6 0 0 0
51 6 0 0 0
52 6 0 0 0
53 6 0 0 0
54 6 0 0 0
55 6 0 0 0
56 6 0 0 0
57 6 0 0 0
58 6 0 0 0
59 6 3 0 0
60 6 3 0 0
61 6 3 0 0
62 6 3 0 0
63 6 3 0 0
64 6 3 0 0
65 6 3 0 0
66 6 0 0 0
67 6 0 0 0
68 6 0 0 0
69 6 0 0 0
70 6 0 0 0
71 6 0 0 0
72 6 0 0 0
73 6 0 0 0
74 6 0 0 0
75 6 0 0 0
76 6 0 0 0
77 6 0 0 0
-15 5 0 0 0
-14 5 0 0 0
-13 5 0 0 0
-12 5 0 0 0
-11 5 0 0 0
-10 5 0 0 0
-9 5 0 0 0
-8 5 0 0 0
-7 5 0 0 0
-6 5 0 0 0
-5 5 0 0 0
-4 5 0 0 0
-3 5 0 0 984
-2 5 0 0 896
-1 5 0 0 896
0 5 0 0 896
1 5 0 0 896
2 5 0 0 896
3 5 0 0 896
4 5 0 0 896
5 5 0 0 896
6 5 0 0 896
7 5 0 0 896
8 5 1 0 896
9 5 1 0 896
10 5 1 0 896
11 5 1 0 896
12 5 1 0 896
13 5 1 0 896
14 5 1 0 896
15 5 1 0 896
16 5 1 0 896
17 5 1 0 896
18 5 1 0 895
19 5 0 0 896
20 5 0 0 896
21 5 0 0 896
22 5 0 0 896
23 5 0 0 896
24 5 2 0 896
25 5 2 0 896
26 5 2 0 896
27 5 2 0 896
28 5 2 0 896
29 5 2 0 896
30 5 2 0 896
31 5 2 0 896
32 5 2 0 896
33 5 2 0 896
34 5 2 0 896
35 5 2 0 895
36 5 0 0 896
37 5 0 0 896
38 5 0 0 896
39 5 0 0 896
40 5 0 0 896
41 5 0 0 895
42 5 0 0 896
43 5 0 0 896
44 5 0 0 896
45 5 0 0 896
46 5 0 0 896
47 5 0 0 895
48 5 0 0 896
49 5 0 0 896
50 5 0 0 896
51 5 0 0 896
52 5 0 0 896
53 5 0 0 895
54 5 0 0 896
55 5 0 0 896
56 5 0 0 896
57 5 0 0 896
58 5 0 0 896
59 5 3 0 895
60 5 3 0 896
61 5 3 0 896
62 5 3 0 896
63 5 3 0 896
64 5 3 0 896
65 5 3 0 895
66 5 0 0 896
67 5 0 0 896
68 5 0 0 896
69 5 0 0 896
70 5 0 0 896
71 5 0 0 895
72 5 0 0 0
73 5 0 0 0
74 5 0 0 0
75 5 0 0 0
76 5 0 0 0
77 5 0 0 0
-15 4 0 0 0
-14 4 0 0 0
-13 4 0 0 0
-12 4 0 0 0
-11 4 0 0 0
-10 4 0 0 0
-9 4 0 0 0
-8 4 0 0 0
-7 4 0 0 0
-6 4 0 0 0
-5 4 0 0 0
-4 4 0 0 0
-3 4 0 0 761
-2 4 0 0 0
-1 4 0 0 0
0 4 0 0 63
1 4 0 0 0
2 4 0 0 49
3 4 0 0 0
4 4 0 0 63
5 4 0 0 0
6 4 0 0 0
7 4 0 0 0
8 4 1 0 121
9 4 1 0 760
10 4 1 0 1261
11 4 1 0 760
12 4 1 0 418
13 4 1 0 760
14 4 1 0 1261
15 4 1 0 760
16 4 1 0 760
17 4 1 0 760
18 4 1 0 886
19 4 0 0 0
20 4 0 0 63
21 4 0 0 0
22 4 0 0 63
23 4 0 0 0
24 4 2 0 894
25 4 2 0 158
26 4 2 0 0
27 4 2 0 231
28 4 2 0 434
29 4 2 0 0
30 4 2 0 0
31 4 2 0 158
32 4 2 0 0
33 4 2 0 161
34 4 2 0 0
35 4 2 0 893
36 4 0 0 0
37 4 0 0 141
38 4 0 0 141
39 4 0 0 141
40 4 0 0 0
41 4 0 0 549
42 4 0 0 0
43 4 0 0 136
44 4 0 0 631
45 4 0 0 0
46 4 0 0 628
47 4 0 0 549
48 4 0 0 0
49 4 0 0 0
50 4 0 0 0
51 4 0 0 0
52 4 0 0 0
53 4 0 0 897
54 4 0 0 1059
55 4 0 0 577
56 4 0 0 677
57 4 0 0 1909
58 4 0 0 2385
59 4 3 0 897
60 4 3 0 1323
61 4 3 0 764
62 4 3 0 764
63 4 3 0 764
64 4 3 0 418
65 4 3 0 897
66 4 0 0 0
67 4 0 0 0
68 4 0 0 0
69 4 0 0 0
70 4 0 0 0
71 4 0 0 897
72 4 0 0 0
73 4 0 0 0
74 4 0 0 0
75 4 0 0 0
76 4 0 0 0
77 4 0 0 0
78 4 0 0 0
-15 3 0 0 0
-14 3 0 0 0
-13 3 0 0 0
-12 3 0 0 0
-11 3 0 0 0
-10 3 0 0 0
-9 3 0 0 0
-8 3 0 0 0
-7 3 0 0 0
-6 3 0 0 0
-5 3 0 0 0
-4 3 0 0 0
-3 3 0 0 897
-2 3 0 0 0
-1 3 0 0 0
0 3 0 0 0
1 3 0 0 0
2 3 0 0 0
3 3 0 0 0
4 3 0 0 0
5 3 0 0 33
6 3 0 0 0
7 3 0 0 0
8 3 1 0 760
9 3 1 0 760
10 3 1 0 760
11 3 1 0 760
12 3 1 0 418
13 3 1 0 760
14 3 1 0 760
15 3 1 0 760
16 3 1 0 760
17 3 1 0 760
18 3 1 0 886
19 3 0 0 63
20 3 0 0 0
21 3 0 0 63
22 3 0 0 0
23 3 0 0 63
24 3 2 0 158
25 3 2 0 0
26 3 2 0 161
27 3 2 0 617
28 3 2 0 894
29 3 2 0 231
30 3 2 0 0
31 3 2 0 237
32 3 2 0 814
33 3 2 0 231
34 3 2 0 0
35 3 2 0 893
36 3 0 0 0
37 3 0 0 33
38 3 0 0 133
39 3 0 0 0
40 3 0 0 0
41 3 0 0 549
42 3 0 0 0
43 3 0 0 32
44 3 0 0 0
45 3 0 0 0
46 3 0 0 631
47 3 0 0 549
48 3 0 0 0
49 3 0 0 0
50 3 0 0 0
51 3 0 0 0
52 3 0 0 0
53 3 0 0 897
54 3 0 0 50
55 3 0 0 1033
56 3 0 0 815
57 3 0 0 0
58 3 0 0 1912
59 3 3 0 897
60 3 3 0 418
61 3 3 0 628
62 3 3 0 1323
63 3 3 0 628
64 3 3 0 764
65 3 3 0 897
66 3 0 0 0
67 3 0 0 550
68 3 0 0 36
69 3 0 0 791
70 3 0 0 0
71 3 0 0 897
72 3 0 0 0
73 3 0 0 0
74 3 0 0 0
75 3 0 0 0
76 3 0 0 0
77 3 0 0 0
78 3 0 0 0
-15 2 0 0 0
-14 2 0 0 0
-13 2 0 0 0
-12 2 0 0 0
-11 2 0 0 0
-10 2 0 0 0
-9 2 0 0 0
-8 2 0 0 0
-7 2 0 0 0
-6 2 0 0 0
-5 2 0 0 0
-4 2 0 0 0
-3 2 0 0 897
-2 2 0 0 0
-1 2 0 0 0
0 2 0 0 434,426,712,198:200:203:203
1 2 0 0 0
2 2 0 0 0
3 2 0 0 0
4 2 0 0 0
5 2 0 0 0
6 2 0 0 434,334,334,334,502
7 2 0 0 292,333,501,501
8 2 1 0 760
9 2 1 0 760
10 2 1 0 418
11 2 1 0 760
12 2 1 0 760
13 2 1 0 760
14 2 1 0 418
15 2 1 0 760
16 2 1 0 760
17 2 1 0 121
18 2 1 0 886
19 2 0 0 0
20 2 0 0 0
21 2 0 0 0
22 2 0 0 0
23 2 0 0 0
24 2 2 0 894
25 2 2 0 894
26 2 2 0 158
27 2 2 0 238
28 2 2 0 894
29 2 2 0 161
30 2 2 0 231
31 2 2 0 617
32 2 2 0 434
33 2 2 0 617
34 2 2 0 158
35 2 2 0 893
36 2 0 0 0
37 2 0 0 0
38 2 0 0 0
39 2 0 0 0
40 2 0 0 0
41 2 0 0 549
42 2 0 0 631
43 2 0 0 0
44 2 0 0 0
45 2 0 0 30
46 2 0 0 0
47 2 0 0 549
48 2 0 0 0
49 2 0 0 0
50 2 0 0 0
51 2 0 0 0
52 2 0 0 0
53 2 0 0 897
54 2 0 0 1033
55 2 0 0 0
56 2 0 0 1059
57 2 0 0 0
58 2 0 0 0
59 2 3 0 897
60 2 3 0 1323
61 2 3 0 1323
62 2 3 0 418
63 2 3 0 418
64 2 3 0 1323
65 2 3 0 897
66 2 0 0 0
67 2 0 0 0
68 2 0 0 0
69 2 0 0 0
70 2 0 0 0
71 2 0 0 897
72 2 0 0 0
73 2 0 0 0
74 2 0 0 0
75 2 0 0 0
76 2 0 0 0
77 2 0 0 0
78 2 0 0 0
-15 1 0 0 0
-14 1 0 0 0
-13 1 0 0 0
-12 1 0 0 0
-11 1 0 0 0
-10 1 0 0 0
-9 1 0 0 0
-8 1 0 0 0
-7 1 0 0 0
-6 1 0 0 0
-5 1 0 0 0
-4 1 0 0 0
-3 1 0 0 897
-2 1 0 0 0
-1 1 0 0 0
0 1 0 0 2172,660,292:235:235:235,684,235
1 1 0 0 0
2 1 0 0 30
3 1 0 0 30
4 1 0 0 30
5 1 0 0 0
6 1 0 0 152
7 1 0 0 0
8 1 1 0 121
9 1 1 0 760
10 1 1 0 1261
11 1 1 0 32
12 1 1 0 760
13 1 1 0 418
14 1 1 0 1261
15 1 1 0 32
16 1 1 0 760
17 1 1 0 760
18 1 1 0 886
19 1 0 0 0
20 1 0 0 30
21 1 0 0 30
22 1 0 0 30
23 1 0 0 434,684,684,502,502
24 1 2 0 0
25 1 2 0 161
26 1 2 0 0
27 1 2 0 434
28 1 2 0 238
29 1 2 0 0
30 1 2 0 894
31 1 2 0 161
32 1 2 0 237
33 1 2 0 617
34 1 2 0 0
35 1 2 0 893
36 1 0 0 0
37 1 0 0 30
38 1 0 0 30
39 1 0 0 30
40 1 0 0 0
41 1 0 0 549
42 1 0 0 0
43 1 0 0 0
44 1 0 0 136
45 1 0 0 0
46 1 0 0 0
47 1 0 0 549
48 1 0 0 0
49 1 0 0 30
50 1 0 0 30
51 1 0 0 30
52 1 0 0 434,334,502,684,462
53 1 0 0 761
54 1 0 0 1059
55 1 0 0 0
56 1 0 0 0
57 1 0 0 0
58 1 0 0 0
59 1 3 0 761
60 1 3 0 418
61 1 3 0 1323
62 1 3 0 628
63 1 3 0 764
64 1 3 0 1323
65 1 3 0 706
66 1 0 0 0
67 1 0 0 0
68 1 0 0 0
69 1 0 0 0
70 1 0 0 0
71 1 0 0 897
72 1 0 0 0
73 1 0 0 0
74 1 0 0 0
75 1 0 0 0
76 1 0 0 0
77 1 0 0 0
78 1 0 0 0
-15 0 0 0 0
-14 0 0 0 0
-13 0 0 0 0
-12 0 0 0 0
-11 0 0 0 0
-10 0 0 0 0
-9 0 0 0 0
-8 0 0 0 0
-7 0 0 0 0
-6 0 0 0 0
-5 0 0 0 0
-4 0 0 0 0
-3 0 0 0 897
-2 0 0 1596 0
-1 0 0 1596 0
0 0 0 1596 0
1 0 0 1596 0
2 0 0 1596 0
3 0 0 1596 0
4 0 0 1596 0
5 0 0 1596 0
6 0 0 1596 0
7 0 0 1596 0
8 0 1 0 418
9 0 1 0 760
10 0 1 0 760
11 0 1 0 760
12 0 1 0 121
13 0 1 0 760
14 0 1 0 760
15 0 1 0 760
16 0 1 0 760
17 0 1 0 760
18 0 1 0 886
19 0 0 1596 0
20 0 0 1596 684
21 0 0 1596 0
22 0 0 1596 0
23 0 0 1596 0
24 0 2 0 617
25 0 2 0 158
26 0 2 0 814
27 0 2 0 434
28 0 2 0 0
29 0 2 0 158
30 0 2 0 0
31 0 2 0 434
32 0 2 0 237
33 0 2 0 814
34 0 2 0 617
35 0 2 0 893
36 0 0 1596 0
37 0 0 1596 0
38 0 0 1596 0
39 0 0 1596 0
40 0 0 1596 0
41 0 0 0 549
42 0 0 0 0
43 0 0 0 631
44 0 0 0 0
45 0 0 0 0
46 0 0 0 767
47 0 0 0 549
48 0 0 1596 0
49 0 0 1596 0
50 0 0 1596 0
51 0 0 1596 0
52 0 0 1596 0
53 0 0 0 988,917
54 0 0 0 1071
55 0 0 0 1060
56 0 0 0 0
57 0 0 0 0
58 0 0 0 1133
59 0 3 0 2394
60 0 3 1596 764
61 0 3 1596 764
62 0 3 1596 1747
63 0 3 1596 764
64 0 3 1596 1323
65 0 3 1596 136
66 0 0 1596 0
67 0 0 1596 0
68 0 0 1596 0
69 0 0 1596 0
70 0 0 0 0
71 0 0 0 897
72 0 0 0 0
73 0 0 0 0
74 0 0 0 0
75 0 0 0 0
76 0 0 0 0
77 0 0 0 0
78 0 0 0 0
-15 -1 0 0 0
-14 -1 0 0 0
-13 -1 0 0 0
-12 -1 0 0 0
-11 -1 0 0 0
-10 -1 0 0 0
-9 -1 0 0 0
-8 -1 0 0 0
-7 -1 0 0 0
-6 -1 0 0 0
-5 -1 0 0 0
-4 -1 0 0 0
-3 -1 0 0 897
-2 -1 0 0 0
-1 -1 0 0 0
0 -1 0 0 0
1 -1 0 0 0
2 -1 0 0 0
3 -1 0 0 0
4 -1 0 0 0
5 -1 0 0 0
6 -1 0 0 0
7 -1 0 0 0
8 -1 1 0 760
9 -1 1 0 121
10 -1 1 0 760
11 -1 1 0 418
12 -1 1 0 32
13 -1 1 0 760
14 -1 1 0 1261
15 -1 1 0 32
16 -1 1 0 760
17 -1 1 0 760
18 -1 1 0 886
19 -1 0 0 0
20 -1 0 0 0
21 -1 0 0 0
22 -1 0 0 0
23 -1 0 0 0
24 -1 2 0 434
25 -1 2 0 237
26 -1 2 0 238
27 -1 2 0 231
28 -1 2 0 814
29 -1 2 0 238
30 -1 2 0 238
31 -1 2 0 894
32 -1 2 0 434
33 -1 2 0 231
34 -1 2 0 237
35 -1 2 0 893
36 -1 0 0 0
37 -1 0 0 0
38 -1 0 0 0
39 -1 0 0 434,467,502,151,292:148:148:148
40 -1 0 0 0
41 -1 0 0 549
42 -1 0 0 0
43 -1 0 0 0
44 -1 0 0 0
45 -1 0 0 631
46 -1 0 0 136
47 -1 0 0 549
48 -1 0 0 0
49 -1 0 0 0
50 -1 0 0 0
51 -1 0 0 917
52 -1 0 0 458
53 -1 0 0 761
54 -1 0 0 1059
55 -1 0 0 0
56 -1 0 0 0
57 -1 0 0 1060
58 -1 0 0 0
59 -1 3 0 761
60 -1 3 0 418
61 -1 3 0 628
62 -1 3 0 628
63 -1 3 0 1323
64 -1 3 0 418
65 -1 3 0 706
66 -1 0 0 0
67 -1 0 0 0
68 -1 0 0 127
69 -1 0 0 67
70 -1 0 0 1417
71 -1 0 0 897
72 -1 0 0 0
73 -1 0 0 0
74 -1 0 0 0
75 -1 0 0 0
76 -1 0 0 0
77 -1 0 0 0
78 -1 0 0 0
-15 -2 0 0 0
-14 -2 0 0 0
-13 -2 0 0 0
-12 -2 0 0 0
-11 -2 0 0 0
-10 -2 0 0 0
-9 -2 0 0 0
-8 -2 0 0 0
-7 -2 0 0 0
-6 -2 0 0 0
-5 -2 0 0 0
-4 -2 0 0 0
-3 -2 0 0 897
-2 -2 0 0 0
-1 -2 0 0 0
0 -2 4 0 680
1 -2 0 0 0
2 -2 0 0 0
3 -2 0 0 0
4 -2 0 0 0
5 -2 0 0 33
6 -2 0 0 0
7 -2 0 0 0
8 -2 1 0 760
9 -2 1 0 760
10 -2 1 0 32
11 -2 1 0 760
12 -2 1 0 121
13 -2 1 0 121
14 -2 1 0 760
15 -2 1 0 418
16 -2 1 0 760
17 -2 1 0 121
18 -2 1 0 886
19 -2 0 0 0
20 -2 4 0 680
21 -2 0 0 0
22 -2 0 0 0
23 -2 0 0 0
24 -2 2 0 158
25 -2 2 0 894
26 -2 2 0 617
27 -2 2 0 161
28 -2 2 0 0
29 -2 2 0 231
30 -2 2 0 434
31 -2 2 0 0
32 -2 2 0 617
33 -2 2 0 894
34 -2 2 0 0
35 -2 2 0 893
36 -2 0 0 0
37 -2 4 0 680
38 -2 0 0 0
39 -2 0 0 0
40 -2 0 0 0
41 -2 0 0 549
42 -2 0 0 631
43 -2 0 0 0
44 -2 0 0 32
45 -2 0 0 0
46 -2 0 0 0
47 -2 0 0 549
48 -2 0 0 0
49 -2 4 0 680
50 -2 0 0 0
51 -2 0 0 0
52 -2 0 0 0
53 -2 0 0 897
54 -2 0 0 50
55 -2 0 0 1059
56 -2 0 0 0
57 -2 0 0 0
58 -2 0 0 815
59 -2 3 0 897
60 -2 3 0 764
61 -2 3 0 628
62 -2 3 0 418
63 -2 3 0 764
64 -2 3 0 764
65 -2 3 0 897
66 -2 0 0 0
67 -2 0 0 0
68 -2 0 0 305
69 -2 0 0 0
70 -2 0 0 1599
71 -2 0 0 897
72 -2 0 0 0
73 -2 0 0 0
74 -2 0 0 0
75 -2 0 0 0
76 -2 0 0 0
77 -2 0 0 0
78 -2 0 0 0
-15 -3 0 0 0
-14 -3 0 0 0
-13 -3 0 0 0
-12 -3 0 0 0
-11 -3 0 0 0
-10 -3 0 0 0
-9 -3 0 0 0
-8 -3 0 0 0
-7 -3 0 0 0
-6 -3 0 0 0
-5 -3 0 0 0
-4 -3 0 0 0
-3 -3 0 0 897
-2 -3 0 0 0
-1 -3 0 0 0
0 -3 0 0 0
1 -3 0 0 0
2 -3 0 0 0
3 -3 0 0 0
4 -3 0 0 0
5 -3 0 0 0
6 -3 0 0 0
7 -3 0 0 0
8 -3 1 0 760
9 -3 1 0 418
10 -3 1 0 760
11 -3 1 0 760
12 -3 1 0 1261
13 -3 1 0 760
14 -3 1 0 32
15 -3 1 0 760
16 -3 1 0 760
17 -3 1 0 760
18 -3 1 0 886
19 -3 0 0 0
20 -3 0 0 0
21 -3 0 0 0
22 -3 0 0 0
23 -3 0 0 0
24 -3 2 0 231
25 -3 2 0 434
26 -3 2 0 237
27 -3 2 0 158
28 -3 2 0 814
29 -3 2 0 0
30 -3 2 0 231
31 -3 2 0 237
32 -3 2 0 158
33 -3 2 0 231
34 -3 2 0 237
35 -3 2 0 893
36 -3 0 0 0
37 -3 0 0 0
38 -3 0 0 0
39 -3 0 0 0
40 -3 0 0 0
41 -3 0 0 549
42 -3 0 0 0
43 -3 0 0 136
44 -3 0 0 0
45 -3 0 0 0
46 -3 0 0 0
47 -3 0 0 549
48 -3 0 0 0
49 -3 0 0 0
50 -3 0 0 0
51 -3 0 0 0
52 -3 0 0 0
53 -3 0 0 897
54 -3 0 0 815
55 -3 0 0 0
56 -3 0 0 0
57 -3 0 0 1033
58 -3 0 0 577
59 -3 3 0 897
60 -3 3 0 418
61 -3 3 0 1323
62 -3 3 0 418
63 -3 3 0 0
64 -3 3 0 418
65 -3 3 0 897
66 -3 0 0 0
67 -3 0 0 0
68 -3 0 0 239
69 -3 0 0 441
70 -3 0 0 1316
71 -3 0 0 897
72 -3 0 0 0
73 -3 0 0 0
74 -3 0 0 0
75 -3 0 0 0
76 -3 0 0 0
77 -3 0 0 0
78 -3 0 0 0
-15 -4 0 0 0
-14 -4 0 0 0
-13 -4 0 0 0
-12 -4 0 0 0
-11 -4 0 0 0
-10 -4 0 0 0
-9 -4 0 0 0
-8 -4 0 0 0
-7 -4 0 0 0
-6 -4 0 0 0
-5 -4 0 0 0
-4 -4 0 0 0
-3 -4 0 0 897
-2 -4 0 0 0
-1 -4 0 0 0
0 -4 0 0 0
1 -4 0 0 33
2 -4 0 0 0
3 -4 0 0 0
4 -4 0 0 0
5 -4 0 0 0
6 -4 0 0 33
7 -4 0 0 0
8 -4 1 0 418
9 -4 1 0 760
10 -4 1 0 121
11 -4 1 0 760
12 -4 1 0 760
13 -4 1 0 418
14 -4 1 0 760
15 -4 1 0 760
16 -4 1 0 760
17 -4 1 0 760
18 -4 1 0 886
19 -4 0 0 0
20 -4 0 0 0
21 -4 0 0 0
22 -4 0 0 0
23 -4 0 0 0
24 -4 2 0 894
25 -4 2 0 0
26 -4 2 0 894
27 -4 2 0 0
28 -4 2 0 161
29 -4 2 0 238
30 -4 2 0 237
31 -4 2 0 814
32 -4 2 0 434
33 -4 2 0 814
34 -4 2 0 158
35 -4 2 0 893
36 -4 0 0 0
37 -4 0 0 0
38 -4 0 0 0
39 -4 0 0 0
40 -4 0 0 0
41 -4 0 0 549
42 -4 0 0 0
43 -4 0 0 30
44 -4 0 0 631
45 -4 0 0 0
46 -4 0 0 0
47 -4 0 0 549
48 -4 0 0 0
49 -4 0 0 0
50 -4 0 0 0
51 -4 0 0 0
52 -4 0 0 0
53 -4 0 0 897
54 -4 0 0 2370
55 -4 0 0 0
56 -4 0 0 0
57 -4 0 0 815
58 -4 0 0 577
59 -4 3 0 897
60 -4 3 0 764
61 -4 3 0 764
62 -4 3 0 1323
63 -4 3 0 628
64 -4 3 0 418
65 -4 3 0 897
66 -4 0 0 0
67 -4 0 0 0
68 -4 0 0 0
69 -4 0 0 0
70 -4 0 0 0
71 -4 0 0 897
72 -4 0 0 0
73 -4 0 0 0
74 -4 0 0 0
75 -4 0 0 0
76 -4 0 0 0
77 -4 0 0 0
-15 -5 0 0 0
-14 -5 0 0 0
-13 -5 0 0 0
-12 -5 0 0 0
-11 -5 0 0 0
-10 -5 0 0 0
-9 -5 0 0 0
-8 -5 0 0 0
-7 -5 0 0 0
-6 -5 0 0 0
-5 -5 0 0 0
-4 -5 0 0 0
-3 -5 0 0 897
-2 -5 0 0 0
-1 -5 0 0 0
0 -5 0 0 0
1 -5 0 0 0
2 -5 0 0 0
3 -5 0 0 0
4 -5 0 0 0
5 -5 0 0 0
6 -5 0 0 0
7 -5 0 0 0
8 -5 1 0 760
9 -5 1 0 760
10 -5 1 0 760
11 -5 1 0 760
12 -5 1 0 418
13 -5 1 0 760
14 -5 1 0 32
15 -5 1 0 121
16 -5 1 0 760
17 -5 1 0 1261
18 -5 1 0 886
19 -5 0 0 0
20 -5 0 0 0
21 -5 0 0 0
22 -5 0 0 0
23 -5 0 0 0
24 -5 2 0 0
25 -5 2 0 158
26 -5 2 0 434
27 -5 2 0 434
28 -5 2 0 231
29 -5 2 0 237
30 -5 2 0 161
31 -5 2 0 894
32 -5 2 0 238
33 -5 2 0 0
34 -5 2 0 238
35 -5 2 0 893
36 -5 0 0 0
37 -5 0 0 0
38 -5 0 0 0
39 -5 0 0 0
40 -5 0 0 0
41 -5 0 0 549
42 -5 0 0 631
43 -5 0 0 0
44 -5 0 0 0
45 -5 0 0 0
46 -5 0 0 32
47 -5 0 0 549
48 -5 0 0 0
49 -5 0 0 0
50 -5 0 0 0
51 -5 0 0 0
52 -5 0 0 0
53 -5 0 0 897
54 -5 0 0 1033
55 -5 0 0 0
56 -5 0 0 815
57 -5 0 0 942
58 -5 0 0 994
59 -5 3 0 897
60 -5 3 0 628
61 -5 3 0 764
62 -5 3 0 418
63 -5 3 0 418
64 -5 3 0 1323
65 -5 3 0 897
66 -5 0 0 0
67 -5 0 0 0
68 -5 0 0 0
69 -5 0 0 0
70 -5 0 0 0
71 -5 0 0 897
72 -5 0 0 0
73 -5 0 0 0
74 -5 0 0 0
75 -5 0 0 0
76 -5 0 0 0
77 -5 0 0 0
-15 -6 0 0 0
-14 -6 0 0 0
-13 -6 0 0 0
-12 -6 0 0 0
-11 -6 0 0 0
-10 -6 0 0 0
-9 -6 0 0 0
-8 -6 0 0 0
-7 -6 0 0 0
-6 -6 0 0 0
-5 -6 0 0 0
-4 -6 0 0 0
-3 -6 0 0 897
-2 -6 0 0 0
-1 -6 0 0 0
0 -6 0 0 0
1 -6 0 0 0
2 -6 0 0 0
3 -6 0 0 0
4 -6 0 0 0
5 -6 0 0 0
6 -6 0 0 0
7 -6 0 0 0
8 -6 1 0 760
9 -6 1 0 760
10 -6 1 0 418
11 -6 1 0 760
12 -6 1 0 760
13 -6 1 0 121
14 -6 1 0 760
15 -6 1 0 760
16 -6 1 0 418
17 -6 1 0 760
18 -6 1 0 886
19 -6 0 0 0
20 -6 0 0 0
21 -6 0 0 0
22 -6 0 0 0
23 -6 0 0 0
24 -6 2 0 0
25 -6 2 0 231
26 -6 2 0 231
27 -6 2 0 231
28 -6 2 0 617
29 -6 2 0 158
30 -6 2 0 617
31 -6 2 0 434
32 -6 2 0 0
33 -6 2 0 238
34 -6 2 0 158
35 -6 2 0 893
36 -6 0 0 0
37 -6 0 0 0
38 -6 0 0 0
39 -6 0 0 0
40 -6 0 0 0
41 -6 0 0 549
42 -6 0 0 0
43 -6 0 0 0
44 -6 0 0 0
45 -6 0 0 136
46 -6 0 0 628
47 -6 0 0 549
48 -6 0 0 0
49 -6 0 0 0
50 -6 0 0 0
51 -6 0 0 0
52 -6 0 0 0
53 -6 0 0 897
54 -6 0 0 455
55 -6 0 0 1059
56 -6 0 0 50
57 -6 0 0 942
58 -6 0 0 2343
59 -6 3 0 897
60 -6 3 0 418
61 -6 3 0 1323
62 -6 3 0 628
63 -6 3 0 764
64 -6 3 0 764
65 -6 3 0 897
66 -6 5 0 769
67 -6 0 0 50
68 -6 0 0 0
69 -6 0 0 0
70 -6 0 0 211
71 -6 0 0 897
72 -6 0 0 0
73 -6 0 0 0
74 -6 0 0 0
75 -6 0 0 0
76 -6 0 0 0
77 -6 0 0 0
-15 -7 0 0 0
-14 -7 0 0 0
-13 -7 0 0 0
-12 -7 0 0 0
-11 -7 0 0 0
-10 -7 0 0 0
-9 -7 0 0 0
-8 -7 0 0 0
-7 -7 0 0 0
-6 -7 0 0 0
-5 -7 0 0 0
-4 -7 0 0 0
-3 -7 0 0 895
-2 -7 0 0 896
-1 -7 0 0 896
0 -7 0 0 896
1 -7 0 0 896
2 -7 0 0 896
3 -7 0 0 896
4 -7 0 0 896
5 -7 0 0 896
6 -7 0 0 896
7 -7 0 0 896
8 -7 1 0 896
9 -7 1 0 896
10 -7 1 0 896
11 -7 1 0 896
12 -7 1 0 896
13 -7 1 0 896
14 -7 1 0 896
15 -7 1 0 896
16 -7 1 0 896
17 -7 1 0 896
18 -7 1 0 895
19 -7 0 0 896
20 -7 0 0 896
21 -7 0 0 896
22 -7 0 0 896
23 -7 0 0 896
24 -7 2 0 896
25 -7 2 0 896
26 -7 2 0 896
27 -7 2 0 896
28 -7 2 0 896
29 -7 2 0 896
30 -7 2 0 896
31 -7 2 0 896
32 -7 2 0 896
33 -7 2 0 896
34 -7 2 0 896
35 -7 2 0 895
36 -7 0 0 896
37 -7 0 0 896
38 -7 0 0 896
39 -7 0 0 896
40 -7 0 0 896
41 -7 0 0 895
42 -7 0 0 896
43 -7 0 0 896
44 -7 0 0 896
45 -7 0 0 896
46 -7 0 0 896
47 -7 0 0 895
48 -7 0 0 896
49 -7 0 0 896
50 -7 0 0 896
51 -7 0 0 896
52 -7 0 0 896
53 -7 0 0 895
54 -7 0 0 896
55 -7 0 0 896
56 -7 0 0 896
57 -7 0 0 896
58 -7 0 0 896
59 -7 3 0 895
60 -7 3 0 896
61 -7 3 0 896
62 -7 3 0 896
63 -7 3 0 896
64 -7 3 0 896
65 -7 3 0 895
66 -7 0 0 896
67 -7 0 0 896
68 -7 0 0 896
69 -7 0 0 896
70 -7 0 0 896
71 -7 0 0 895
72 -7 0 0 0
73 -7 0 0 0
74 -7 0 0 0
75 -7 0 0 0
76 -7 0 0 0
77 -7 0 0 0
-15 -8 0 0 0
-14 -8 0 0 0
-13 -8 0 0 0
-12 -8 0 0 0
-11 -8 0 0 0
-10 -8 0 0 0
-9 -8 0 0 0
-8 -8 0 0 0
-7 -8 0 0 0
-6 -8 0 0 0
-5 -8 0 0 0
-4 -8 0 0 0
-3 -8 0 0 0
-2 -8 0 0 0
-1 -8 0 0 0
0 -8 0 0 0
1 -8 0 0 0
2 -8 0 0 0
3 -8 0 0 0
4 -8 0 0 0
5 -8 0 0 0
6 -8 0 0 0
7 -8 0 0 0
8 -8 1 0 0
9 -8 1 0 0
10 -8 1 0 0
11 -8 1 0 0
12 -8 1 0 0
13 -8 1 0 0
14 -8 1 0 0
15 -8 1 0 0
16 -8 1 0 0
17 -8 1 0 0
18 -8 1 0 0
19 -8 0 0 0
20 -8 0 0 0
21 -8 0 0 0
22 -8 0 0 0
23 -8 0 0 0
24 -8 2 0 0
25 -8 2 0 0
26 -8 2 0 0
27 -8 2 0 0
28 -8 2 0 0
29 -8 2 0 0
30 -8 2 0 0
31 -8 2 0 0
32 -8 2 0 0
33 -8 2 0 0
34 -8 2 0 0
35 -8 2 0 0
36 -8 0 0 0
37 -8 0 0 0
38 -8 0 0 0
39 -8 0 0 0
40 -8 0 0 0
41 -8 0 0 0
42 -8 0 0 0
43 -8 0 0 0
44 -8 0 0 0
45 -8 0 0 0
46 -8 0 0 0
47 -8 0 0 0
48 -8 0 0 0
49 -8 0 0 0
50 -8 0 0 0
51 -8 0 0 0
52 -8 0 0 0
53 -8 0 0 0
54 -8 0 0 0
55 -8 0 0 0
56 -8 0 0 0
57 -8 0 0 0
58 -8 0 0 0
59 -8 3 0 0
60 -8 3 0 0
61 -8 3 0 0
62 -8 3 0 0
63 -8 3 0 0
64 -8 3 0 0
65 -8 3 0 0
66 -8 0 0 0
67 -8 0 0 0
68 -8 0 0 0
69 -8 0 0 0
70 -8 0 0 0
71 -8 0 0 0
72 -8 0 0 0
73 -8 0 0 0
74 -8 0 0 0
75 -8 0 0 0
76 -8 0 0 0
77 -8 0 0 0
-15 -9 0 0 0
-14 -9 0 0 0
-13 -9 0 0 0
-12 -9 0 0 0
-11 -9 0 0 0
-10 -9 0 0 0
-9 -9 0 0 0
-8 -9 0 0 0
-7 -9 0 0 0
-6 -9 0 0 0
-5 -9 0 0 0
-4 -9 0 0 0
-3 -9 0 0 0
-2 -9 0 0 0
-1 -9 0 0 0
0 -9 0 0 0
1 -9 0 0 0
2 -9 0 0 0
3 -9 0 0 0
4 -9 0 0 0
5 -9 0 0 0
6 -9 0 0 0
7 -9 0 0 0
8 -9 1 0 0
9 -9 1 0 0
10 -9 1 0 0
11 -9 1 0 0
12 -9 1 0 0
13 -9 1 0 0
14 -9 1 0 0
15 -9 1 0 0
16 -9 1 0 0
17 -9 1 0 0
18 -9 1 0 0
19 -9 0 0 0
20 -9 0 0 0
21 -9 0 0 0
22 -9 0 0 0
23 -9 0 0 0
24 -9 2 0 0
25 -9 2 0 0
26 -9 2 0 0
27 -9 2 0 0
28 -9 2 0 0
29 -9 2 0 0
30 -9 2 0 0
31 -9 2 0 0
32 -9 2 0 0
33 -9 2 0 0
34 -9 2 0 0
35 -9 2 0 0
36 -9 0 0 0
37 -9 0 0 0
38 -9 0 0 0
39 -9 0 0 0
40 -9 0 0 0
41 -9 0 0 0
42 -9 0 0 0
43 -9 0 0 0
44 -9 0 0 0
45 -9 0 0 0
46 -9 0 0 0
47 -9 0 0 0
48 -9 0 0 0
49 -9 0 0 0
50 -9 0 0 0
51 -9 0 0 0
52 -9 0 0 0
53 -9 0 0 0
54 -9 0 0 0
55 -9 0 0 0
56 -9 0 0 0
57 -9 0 0 0
58 -9 0 0 0
59 -9 3 0 0
60 -9 3 0 0
61 -9 3 0 0
62 -9 3 0 0
63 -9 3 0 0
64 -9 3 0 0
65 -9 3 0 0
66 -9 0 0 0
67 -9 0 0 0
68 -9 0 0 0
69 -9 0 0 0
70 -9 0 0 0
71 -9 0 0 0
72 -9 0 0 0
73 -9 0 0 0
74 -9 0 0 0
75 -9 0 0 0
76 -9 0 0 0
77 -9 0 0 0
-15 -10 0 0 0
-14 -10 0 0 0
-13 -10 0 0 0
-12 -10 0 0 0
-11 -10 0 0 0
-10 -10 0 0 0
-9 -10 0 0 0
-8 -10 0 0 0
-7 -10 0 0 0
-6 -10 0 0 0
-5 -10 0 0 0
-4 -10 0 0 0
-3 -10 0 0 0
-2 -10 0 0 0
-1 -10 0 0 0
0 -10 0 0 0
1 -10 0 0 0
2 -10 0 0 0
3 -10 0 0 0
4 -10 0 0 0
5 -10 0 0 0
6 -10 0 0 0
7 -10 0 0 0
8 -10 1 0 0
9 -10 1 0 0
10 -10 1 0 0
11 -10 1 0 0
12 -10 1 0 0
13 -10 1 0 0
14 -10 1 0 0
15 -10 1 0 0
16 -10 1 0 0
17 -10 1 0 0
18 -10 1 0 0
19 -10 0 0 0
20 -10 0 0 0
21 -10 0 0 0
22 -10 0 0 0
23 -10 0 0 0
24 -10 2 0 0
25 -10 2 0 0
26 -10 2 0 0
27 -10 2 0 0
28 -10 2 0 0
29 -10 2 0 0
30 -10 2 0 0
31 -10 2 0 0
32 -10 2 0 0
33 -10 2 0 0
34 -10 2 0 0
35 -10 2 0 0
36 -10 0 0 0
37 -10 0 0 0
38 -10 0 0 0
39 -10 0 0 0
40 -10 0 0 0
41 -10 0 0 0
42 -10 0 0 0
43 -10 0 0 0
44 -10 0 0 0
45 -10 0 0 0
46 -10 0 0 0
47 -10 0 0 0
48 -10 0 0 0
49 -10 0 0 0
50 -10 0 0 0
51 -10 0 0 0
52 -10 0 0 0
53 -10 0 0 0
54 -10 0 0 0
55 -10 0 0 0
56 -10 0 0 0
57 -10 0 0 0
58 -10 0 0 0
59 -10 3 0 0
60 -10 3 0 0
61 -10 3 0 0
62 -10 3 0 0
63 -10 3 0 0
64 -10 3 0 0
65 -10 3 0 0
66 -10 0 0 0
67 -10 0 0 0
68 -10 0 0 0
69 -10 0 0 0
70 -10 0 0 0
71 -10 0 0 0
72 -10 0 0 0
73 -10 0 0 0
74 -10 0 0 0
75 -10 0 0 0
76 -10 0 0 0
77 -10 0 0 0
