-134 12 1 0 0
-133 12 1 0 0
-132 12 1 0 530
-131 12 1 0 0
-257 11 -1 0 885
-256 11 -1 0 155
-255 11 -1 0 155
-254 11 -1 0 155
-253 11 -1 0 155
-252 11 -1 0 155
-251 11 -1 0 155
-250 11 -1 0 155
-249 11 -1 0 155
-248 11 -1 0 155
-247 11 -1 0 155
-246 11 -1 0 155
-245 11 -1 0 155
-244 11 -1 0 154
-240 11 -1 0 154
-239 11 -1 0 155
-238 11 -1 0 155
-237 11 -1 0 155
-236 11 -1 0 155
-235 11 -1 0 155
-234 11 -1 0 155
-233 11 -1 0 155
-232 11 -1 0 155
-231 11 -1 0 155
-230 11 -1 0 155
-229 11 -1 0 155
-228 11 -1 0 155
-227 11 -1 0 155
-226 11 -1 0 155
-225 11 -1 0 155
-224 11 -1 0 155
-223 11 -1 0 155
-222 11 -1 0 155
-221 11 -1 0 155
-220 11 -1 0 155
-219 11 -1 0 155
-218 11 -1 0 155
-217 11 -1 0 155
-216 11 -1 0 155
-215 11 -1 0 155
-214 11 -1 0 155
-213 11 -1 0 155
-212 11 -1 0 155
-211 11 -1 0 155
-210 11 -1 0 155
-209 11 -1 0 155
-208 11 -1 0 155
-207 11 -1 0 155
-206 11 -1 0 155
-205 11 -1 0 155
-204 11 -1 0 155
-203 11 -1 0 155
-202 11 -1 0 155
-201 11 -1 0 155
-200 11 -1 0 155
-199 11 -1 0 155
-198 11 -1 0 155
-197 11 -1 0 155
-196 11 -1 0 155
-195 11 -1 0 155
-194 11 -1 0 155
-193 11 -1 0 155
-192 11 -1 0 155
-191 11 -1 0 155
-190 11 -1 0 155
-189 11 -1 0 155
-188 11 -1 0 155
-187 11 -1 0 155
-186 11 -1 0 155
-185 11 -1 0 155
-184 11 -1 0 155
-183 11 -1 0 155
-182 11 -1 0 155
-181 11 -1 0 155
-180 11 -1 0 155
-179 11 -1 0 155
-178 11 -1 0 155
-177 11 -1 0 155
-176 11 -1 0 155
-175 11 -1 0 155
-174 11 -1 0 155
-173 11 -1 0 155
-172 11 -1 0 155
-171 11 -1 0 155
-170 11 -1 0 155
-169 11 -1 0 155
-168 11 -1 0 155
-167 11 -1 0 155
-166 11 -1 0 155
-165 11 -1 0 155
-164 11 -1 0 155
-163 11 -1 0 155
-162 11 -1 0 155
-161 11 -1 0 155
-160 11 -1 0 155
-159 11 -1 0 155
-158 11 -1 0 155
-157 11 -1 0 155
-156 11 -1 0 155
-155 11 -1 0 155
-154 11 -1 0 155
-153 11 -1 0 155
-152 11 -1 0 155
-151 11 -1 0 155
-150 11 -1 0 155
-149 11 -1 0 155
-148 11 -1 0 155
-147 11 -1 0 155
-146 11 -1 0 155
-145 11 -1 0 155
-144 11 -1 0 155
-143 11 -1 0 155
-142 11 -1 0 155
-141 11 -1 0 155
-140 11 -1 0 155
-139 11 -1 0 155
-138 11 -1 0 155
-137 11 -1 0 155
-136 11 -1 0 155
-135 11 -1 0 155
-134 11 1 0 155
-133 11 1 0 155
-132 11 1 0 155
-131 11 -1 0 155
-130 11 -1 0 155
-129 11 -1 0 155
-128 11 -1 0 155
-127 11 -1 0 155
-126 11 -1 0 155
-125 11 -1 0 155
-124 11 -1 0 155
-123 11 -1 0 155
-122 11 -1 0 155
-121 11 -1 0 155
-120 11 -1 0 155
-119 11 -1 0 155
-118 11 -1 0 155
-117 11 -1 0 154
-116 11 -1 0 155
-115 11 -1 0 155
-114 11 -1 0 155
-113 11 -1 0 155
-112 11 -1 0 155
-111 11 -1 0 155
-110 11 -1 0 155
-109 11 -1 0 155
-108 11 -1 0 155
-107 11 -1 0 155
-106 11 -1 0 155
-105 11 -1 0 155
-104 11 -1 0 155
-103 11 -1 0 154
-102 11 -1 0 155
-101 11 -1 0 155
-100 11 -1 0 155
-99 11 -1 0 155
-98 11 -1 0 155
-97 11 -1 0 154
-96 11 -1 0 155
-95 11 -1 0 155
-94 11 -1 0 155
-93 11 -1 0 155
-92 11 -1 0 155
-91 11 -1 0 155
-90 11 -1 0 155
-89 11 -1 0 155
-88 11 -1 0 155
-87 11 -1 0 155
-86 11 -1 0 155
-85 11 -1 0 155
-84 11 -1 0 155
-83 11 -1 0 155
-82 11 -1 0 155
-81 11 -1 0 155
-80 11 -1 0 155
-79 11 -1 0 155
-78 11 -1 0 155
-77 11 -1 0 155
-76 11 -1 0 155
-75 11 -1 0 155
-74 11 -1 0 155
-73 11 -1 0 155
-72 11 -1 0 155
-71 11 -1 0 155
-70 11 -1 0 155
-69 11 -1 0 155
-68 11 -1 0 155
-67 11 -1 0 155
-66 11 -1 0 155
-65 11 -1 0 155
-64 11 -1 0 155
-63 11 -1 0 155
-62 11 -1 0 155
-61 11 -1 0 155
-60 11 -1 0 155
-59 11 -1 0 155
-58 11 -1 0 155
-57 11 -1 0 155
-56 11 -1 0 155
-55 11 -1 0 155
-54 11 -1 0 155
-53 11 -1 0 155
-52 11 -1 0 155
-51 11 -1 0 155
-50 11 -1 0 155
-49 11 -1 0 155
-48 11 -1 0 155
-47 11 -1 0 155
-46 11 -1 0 155
-45 11 -1 0 155
-44 11 -1 0 155
-43 11 -1 0 155
-42 11 -1 0 155
-41 11 -1 0 155
-40 11 -1 0 155
-39 11 -1 0 155
-38 11 -1 0 155
-37 11 -1 0 155
-36 11 -1 0 155
-35 11 -1 0 155
-34 11 -1 0 155
-33 11 -1 0 155
-32 11 -1 0 155
-31 11 -1 0 155
-30 11 -1 0 155
-29 11 -1 0 155
-28 11 -1 0 155
-27 11 -1 0 155
-26 11 -1 0 155
-25 11 -1 0 155
-24 11 -1 0 155
-23 11 -1 0 155
-22 11 -1 0 155
-21 11 -1 0 155
-20 11 -1 0 155
-19 11 -1 0 155
-18 11 -1 0 155
-17 11 -1 0 155
-16 11 -1 0 154
-15 11 -1 0 155
-14 11 -1 0 155
-13 11 -1 0 155
-12 11 -1 0 155
-11 11 -1 0 155
-10 11 -1 0 154
-257 10 0 0 156
-256 10 0 0 0
-255 10 0 0 0
-254 10 0 0 99
-253 10 0 0 0
-252 10 0 0 0
-251 10 0 0 0
-250 10 0 0 1390
-249 10 0 0 0
-248 10 0 0 0
-247 10 0 0 0
-246 10 0 0 0
-245 10 0 0 0
-244 10 0 0 154
-243 10 0 0 155
-242 10 0 0 155
-241 10 0 0 155
-240 10 -1 0 154
-239 10 0 0 0
-238 10 0 0 1392
-237 10 0 0 0
-236 10 0 0 0
-235 10 0 0 0
-234 10 0 0 1394
-233 10 0 0 0
-232 10 0 0 0
-231 10 0 0 0
-230 10 0 0 0
-229 10 0 0 0
-228 10 0 0 0
-227 10 0 0 0
-226 10 0 0 0
-225 10 0 0 0
-224 10 0 0 0
-223 10 0 0 0
-222 10 0 0 0
-221 10 0 0 0
-220 10 0 0 0
-219 10 0 0 0
-218 10 0 0 0
-217 10 0 0 0
-216 10 0 0 0
-215 10 0 0 0
-214 10 0 0 30
-213 10 0 0 0
-212 10 0 0 0
-211 10 0 0 0
-210 10 0 0 0
-209 10 0 0 0
-208 10 0 0 1395
-207 10 0 0 0
-206 10 0 0 0
-205 10 0 0 0
-204 10 0 0 0
-203 10 0 0 0
-202 10 0 0 0
-201 10 0 0 0
-200 10 0 0 0
-199 10 0 0 0
-198 10 0 0 0
-197 10 0 0 1398
-196 10 0 0 0
-195 10 0 0 0
-194 10 0 0 0
-193 10 0 0 0
-192 10 0 0 0
-191 10 0 0 30
-190 10 0 0 0
-189 10 0 0 0
-188 10 0 0 0
-187 10 0 0 0
-186 10 0 0 0
-185 10 0 0 1399
-184 10 0 0 0
-183 10 0 0 0
-182 10 0 0 0
-181 10 0 0 0
-180 10 0 0 0
-179 10 0 0 0
-178 10 0 0 0
-177 10 0 0 1400
-176 10 0 0 0
-175 10 0 0 0
-174 10 0 0 0
-173 10 0 0 0
-172 10 0 0 0
-171 10 0 0 0
-170 10 0 0 0
-169 10 0 0 0
-168 10 0 0 0
-167 10 0 0 0
-166 10 0 0 0
-165 10 0 0 0
-164 10 0 0 1401
-163 10 0 0 0
-162 10 0 0 404
-161 10 0 0 0
-160 10 0 0 0
-159 10 0 0 0
-158 10 0 0 0
-157 10 0 0 0
-156 10 0 0 0
-155 10 0 0 0
-154 10 0 0 0
-153 10 0 0 0
-152 10 0 0 0
-151 10 0 0 0
-150 10 0 0 0
-149 10 0 0 0
-148 10 0 0 1403
-147 10 0 0 0
-146 10 0 0 0
-145 10 0 0 0
-144 10 0 0 805
-143 10 0 0 0
-142 10 0 0 0
-141 10 0 0 0
-140 10 0 0 0
-139 10 0 0 0
-138 10 0 0 0
-137 10 0 0 30
-136 10 0 0 1404
-135 10 0 0 0
-134 10 1 0 121
-133 10 1 0 0
-132 10 1 0 121
-131 10 0 0 0
-130 10 0 0 0
-129 10 0 0 0
-128 10 0 0 0
-127 10 0 0 0
-126 10 0 0 0
-125 10 0 0 0
-124 10 0 0 0
-123 10 0 0 0
-122 10 0 0 1405
-121 10 0 0 0
-120 10 0 0 404
-119 10 0 0 404
-118 10 0 0 0
-117 10 0 0 156
-116 10 0 0 0
-115 10 0 0 0
-114 10 0 0 0
-113 10 0 0 1406
-112 10 0 0 0
-111 10 0 0 0
-110 10 0 0 0
-109 10 0 0 0
-108 10 0 0 0
-107 10 0 0 0
-106 10 0 0 0
-105 10 0 0 0
-104 10 0 0 0
-103 10 0 0 156
-102 10 0 485 1407
-101 10 0 485 0
-100 10 0 485 0
-99 10 0 485 0
-98 10 0 485 0
-97 10 0 0 156
-96 10 0 0 0
-95 10 0 0 0
-94 10 0 0 0
-93 10 0 0 0
-92 10 0 0 30
-91 10 0 0 0
-90 10 0 0 0
-89 10 0 0 0
-88 10 4 0 0
-87 10 4 0 99
-86 10 4 0 703
-85 10 4 0 0
-84 10 4 0 0
-83 10 4 0 1409
-82 10 4 0 0
-81 10 4 0 0
-80 10 4 0 99
-79 10 4 0 0
-78 10 4 0 0
-77 10 4 0 0
-76 10 4 0 0
-75 10 4 0 0
-74 10 0 0 0
-73 10 0 0 0
-72 10 0 0 30
-71 10 0 0 0
-70 10 0 0 0
-69 10 0 0 0
-68 10 0 0 0
-67 10 0 0 0
-66 10 5 0 0
-65 10 5 0 763
-64 10 5 0 32
-63 10 5 0 0
-62 10 5 0 760
-61 10 5 0 0
-60 10 5 0 0
-59 10 5 0 0
-58 10 5 0 0
-57 10 5 0 0
-56 10 5 0 0
-55 10 5 0 763
-54 10 5 0 32
-53 10 5 0 0
-52 10 5 0 760
-51 10 0 0 0
-50 10 0 0 0
-49 10 0 0 30
-48 10 0 0 0
-47 10 0 0 1411
-46 10 0 0 0
-45 10 0 0 0
-44 10 0 0 0
-43 10 0 0 1412
-42 10 0 0 0
-41 10 0 0 0
-40 10 0 0 0
-39 10 0 0 1413
-38 10 0 0 0
-37 10 0 0 30
-36 10 0 0 1928
-35 10 0 0 0
-34 10 0 0 0
-33 10 0 0 1418
-32 10 0 0 0
-31 10 0 0 0
-30 10 0 0 0
-29 10 0 0 1420
-28 10 0 0 0
-27 10 0 0 0
-26 10 0 0 0
-25 10 0 0 1414
-24 10 0 0 0
-23 10 0 0 0
-22 10 0 0 64
-21 10 0 0 52
-20 10 0 0 51
-19 10 0 0 30
-18 10 0 0 50
-17 10 0 0 0
-16 10 0 0 156
-15 10 5 0 764
-14 10 5 0 0
-13 10 5 0 0
-12 10 5 0 764
-11 10 5 0 0
-10 10 5 0 156
-257 9 0 0 156
-256 9 0 0 0
-255 9 2 0 0
-254 9 2 0 0
-253 9 2 0 0
-252 9 2 0 0
-251 9 2 0 0
-250 9 2 0 0
-249 9 2 0 0
-248 9 2 0 0
-247 9 2 0 0
-246 9 2 0 0
-245 9 2 0 0
-244 9 0 0 0
-243 9 0 0 0
-242 9 0 0 0
-241 9 0 0 0
-240 9 2 0 156
-239 9 2 0 0
-238 9 2 0 30
-237 9 2 0 0
-236 9 2 0 0
-235 9 2 0 0
-234 9 2 0 0
-233 9 2 0 0
-232 9 2 0 0
-231 9 2 0 0
-230 9 2 0 0
-229 9 2 0 0
-228 9 2 0 0
-227 9 2 0 0
-226 9 2 0 0
-225 9 2 0 0
-224 9 2 0 0
-223 9 2 0 0
-222 9 2 0 0
-221 9 2 0 0
-220 9 2 0 0
-219 9 2 0 0
-218 9 2 0 0
-217 9 2 0 0
-216 9 2 0 0
-215 9 2 0 0
-214 9 2 0 0
-213 9 2 0 0
-212 9 2 0 0
-211 9 2 0 0
-210 9 2 0 0
-209 9 2 0 0
-208 9 2 0 64
-207 9 2 0 0
-206 9 2 0 0
-205 9 2 0 0
-204 9 2 0 0
-203 9 2 0 0
-202 9 2 0 0
-201 9 2 0 0
-200 9 2 0 0
-199 9 2 0 32
-198 9 2 0 0
-197 9 2 0 0
-196 9 2 0 0
-195 9 2 0 0
-194 9 2 0 0
-193 9 2 0 0
-192 9 2 0 0
-191 9 2 0 0
-190 9 2 0 0
-189 9 2 0 0
-188 9 2 0 0
-187 9 2 0 0
-186 9 2 0 0
-185 9 2 0 0
-184 9 2 0 33
-183 9 2 0 32
-182 9 2 0 0
-181 9 2 0 0
-180 9 2 0 0
-179 9 2 0 0
-178 9 2 0 0
-177 9 2 0 0
-176 9 2 0 0
-175 9 2 0 0
-174 9 2 0 0
-173 9 2 0 0
-172 9 2 0 0
-171 9 2 0 0
-170 9 2 0 0
-169 9 2 0 0
-168 9 2 0 0
-167 9 2 0 0
-166 9 2 0 0
-165 9 2 0 0
-164 9 2 0 0
-163 9 2 0 804
-162 9 2 0 0
-161 9 2 0 0
-160 9 2 0 0
-159 9 2 0 0
-158 9 2 0 0
-157 9 2 0 0
-156 9 2 0 0
-155 9 2 0 0
-154 9 2 0 0
-153 9 2 0 0
-152 9 2 0 0
-151 9 2 0 0
-150 9 2 0 0
-149 9 2 0 0
-148 9 2 0 805
-147 9 2 0 0
-146 9 2 0 0
-145 9 2 0 0
-144 9 2 0 0
-143 9 2 0 0
-142 9 2 0 0
-141 9 2 0 0
-140 9 2 0 0
-139 9 2 0 0
-138 9 2 0 0
-137 9 2 0 0
-136 9 2 0 0
-135 9 2 0 0
-134 9 1 0 0
-133 9 1 0 0
-132 9 1 0 0
-131 9 2 0 0
-130 9 2 0 0
-129 9 2 0 0
-128 9 2 0 0
-127 9 2 0 0
-126 9 2 0 0
-125 9 2 0 0
-124 9 2 0 0
-123 9 2 0 0
-122 9 2 0 0
-121 9 2 0 804
-120 9 2 0 0
-119 9 2 0 0
-118 9 2 0 0
-117 9 0 0 156
-116 9 0 0 0
-115 9 0 0 0
-114 9 2 0 0
-113 9 2 0 0
-112 9 2 0 0
-111 9 2 0 1407
-110 9 2 0 0
-109 9 2 0 0
-108 9 2 0 0
-107 9 2 0 0
-106 9 2 0 0
-105 9 2 0 0
-104 9 2 0 0
-103 9 2 0 154
-102 9 2 485 155
-101 9 2 485 155
-100 9 2 485 878
-99 9 2 485 155
-98 9 2 485 155
-97 9 2 0 154
-96 9 2 0 0
-95 9 2 0 0
-94 9 2 0 0
-93 9 2 0 0
-92 9 2 0 0
-91 9 2 0 0
-90 9 2 0 0
-89 9 2 0 0
-88 9 4 0 0
-87 9 4 0 0
-86 9 4 0 0
-85 9 4 0 0
-84 9 4 0 0
-83 9 4 0 0
-82 9 4 0 434,199,712,200
-81 9 4 0 292,203,203
-80 9 4 0 0
-79 9 4 0 0
-78 9 4 0 0
-77 9 4 0 0
-76 9 4 0 0
-75 9 4 0 0
-74 9 2 0 0
-73 9 2 0 0
-72 9 2 0 0
-71 9 2 0 0
-70 9 2 0 0
-69 9 2 0 0
-68 9 2 0 0
-67 9 2 0 0
-66 9 2 0 0
-65 9 5 0 0
-64 9 5 0 0
-63 9 5 0 0
-62 9 5 0 0
-61 9 5 0 0
-60 9 5 0 0
-59 9 5 0 0
-58 9 5 0 0
-57 9 5 0 0
-56 9 5 0 0
-55 9 5 0 0
-54 9 5 0 0
-53 9 5 0 0
-52 9 5 0 0
-51 9 2 0 0
-50 9 2 0 0
-49 9 2 0 0
-48 9 2 0 0
-47 9 2 0 0
-46 9 2 0 0
-45 9 2 0 0
-44 9 2 0 0
-43 9 2 0 0
-42 9 2 0 0
-41 9 2 0 0
-40 9 2 0 0
-39 9 2 0 0
-38 9 2 0 0
-37 9 2 0 0
-36 9 2 0 0
-35 9 2 0 0
-34 9 2 0 34
-33 9 2 0 0
-32 9 2 0 0
-31 9 2 0 0
-30 9 2 0 0
-29 9 2 0 0
-28 9 2 0 0
-27 9 2 0 0
-26 9 2 0 0
-25 9 2 0 0
-24 9 2 0 0
-23 9 2 0 0
-22 9 2 0 0
-21 9 2 0 0
-20 9 2 0 0
-19 9 2 0 0
-18 9 2 0 0
-17 9 2 0 0
-16 9 2 0 877
-15 9 5 0 0
-14 9 5 0 764
-13 9 5 0 0
-12 9 5 0 0
-11 9 5 0 0
-10 9 5 0 156
-257 8 0 0 156
-256 8 0 0 0
-255 8 0 0 0
-254 8 0 0 0
-253 8 0 0 0
-252 8 0 0 0
-251 8 0 0 0
-250 8 0 0 0
-249 8 0 0 0
-248 8 0 0 0
-247 8 0 0 0
-246 8 0 0 0
-245 8 2 0 0
-244 8 2 0 0
-243 8 2 0 0
-242 8 2 0 0
-241 8 2 0 1391
-240 8 2 0 156
-239 8 2 0 0
-238 8 0 0 159
-237 8 0 0 0
-236 8 0 0 0
-235 8 0 0 0
-234 8 0 0 0
-233 8 0 0 0
-232 8 0 0 0
-231 8 0 0 0
-230 8 0 0 0
-229 8 0 0 0
-228 8 0 0 0
-227 8 0 0 0
-226 8 0 0 0
-225 8 0 0 0
-224 8 0 0 0
-223 8 0 0 0
-222 8 0 0 0
-221 8 0 0 0
-220 8 0 0 0
-219 8 0 0 0
-218 8 0 0 0
-217 8 0 0 0
-216 8 0 0 0
-215 8 0 0 0
-214 8 0 0 0
-213 8 0 0 0
-212 8 0 0 0
-211 8 0 0 0
-210 8 0 0 0
-209 8 0 0 0
-208 8 0 0 0
-207 8 0 0 0
-206 8 0 0 0
-205 8 0 0 0
-204 8 0 0 0
-203 8 0 0 0
-202 8 0 0 0
-201 8 0 0 0
-200 8 0 0 0
-199 8 0 0 0
-198 8 0 0 0
-197 8 0 0 0
-196 8 0 0 0
-195 8 0 0 0
-194 8 0 0 0
-193 8 0 0 0
-192 8 0 0 0
-191 8 0 0 1402
-190 8 0 0 0
-189 8 0 0 0
-188 8 0 0 0
-187 8 0 0 0
-186 8 0 0 0
-185 8 0 0 0
-184 8 0 0 0
-183 8 0 0 0
-182 8 0 0 0
-181 8 0 0 0
-180 8 0 0 0
-179 8 0 0 0
-178 8 0 0 0
-177 8 0 0 0
-176 8 0 0 0
-175 8 0 0 0
-174 8 0 0 0
-173 8 0 0 0
-172 8 0 0 0
-171 8 0 0 0
-170 8 0 0 0
-169 8 0 0 0
-168 8 0 0 0
-167 8 0 0 0
-166 8 0 0 0
-165 8 0 0 0
-164 8 0 0 0
-163 8 0 0 0
-162 8 0 0 0
-161 8 0 0 0
-160 8 0 0 0
-159 8 0 0 0
-158 8 0 0 0
-157 8 0 0 0
-156 8 0 0 0
-155 8 0 0 0
-154 8 0 0 0
-153 8 0 0 0
-152 8 0 0 0
-151 8 0 0 0
-150 8 0 0 0
-149 8 0 0 0
-148 8 0 0 0
-147 8 0 0 0
-146 8 0 0 0
-145 8 0 0 0
-144 8 0 0 0
-143 8 0 0 0
-142 8 0 0 0
-141 8 0 0 0
-140 8 0 0 0
-139 8 0 0 0
-138 8 0 0 33
-137 8 0 0 32
-136 8 0 0 0
-135 8 1 0 0
-134 8 1 0 0
-133 8 1 0 0
-132 8 0 0 0
-131 8 0 0 30
-130 8 0 0 0
-129 8 0 0 0
-128 8 0 0 0
-127 8 0 0 0
-126 8 0 0 0
-125 8 0 0 0
-124 8 0 0 0
-123 8 0 0 0
-122 8 0 0 404
-121 8 0 0 804
-120 8 0 0 0
-119 8 0 0 0
-118 8 2 0 0
-117 8 0 0 156
-116 8 0 0 0
-115 8 0 0 0
-114 8 2 0 0
-113 8 0 0 0
-112 8 0 0 0
-111 8 0 0 0
-110 8 0 0 0
-109 8 0 0 0
-108 8 0 0 0
-107 8 0 0 0
-106 8 0 0 0
-105 8 0 0 0
-104 8 0 0 0
-103 8 0 0 0
-102 8 0 0 0
-101 8 0 0 0
-100 8 0 0 0
-99 8 0 0 1408
-98 8 0 0 0
-97 8 0 0 0
-96 8 0 0 0
-95 8 0 0 0
-94 8 0 0 0
-93 8 0 0 30
-92 8 0 0 0
-91 8 0 0 0
-90 8 0 0 0
-89 8 0 0 0
-88 8 4 0 99
-87 8 4 0 0
-86 8 4 0 0
-85 8 4 0 703
-84 8 4 0 0
-83 8 4 0 0
-82 8 4 0 0
-81 8 4 0 0
-80 8 4 0 0
-79 8 4 0 680
-78 8 4 0 0
-77 8 4 0 99
-76 8 4 0 0
-75 8 4 0 0
-74 8 0 0 0
-73 8 0 0 0
-72 8 0 0 0
-71 8 0 0 30
-70 8 0 0 0
-69 8 0 0 0
-68 8 0 0 0
-67 8 0 0 0
-66 8 5 0 763
-65 8 5 0 760
-64 8 5 0 0
-63 8 5 0 0
-62 8 5 0 0
-61 8 5 0 1410
-60 8 5 0 0
-59 8 5 0 0
-58 8 5 0 0
-57 8 5 0 0
-56 8 5 0 763
-55 8 5 0 0
-54 8 5 0 0
-53 8 5 0 0
-52 8 5 0 0
-51 8 5 0 0
-50 8 0 0 30
-49 8 0 0 0
-48 8 0 0 0
-47 8 0 0 0
-46 8 0 0 0
-45 8 0 0 0
-44 8 0 0 0
-43 8 0 0 0
-42 8 0 0 0
-41 8 0 0 30
-40 8 0 0 0
-39 8 0 0 0
-38 8 0 0 0
-37 8 0 0 0
-36 8 0 0 0
-35 8 0 0 0
-34 8 0 0 0
-33 8 0 0 0
-32 8 0 0 0
-31 8 0 0 0
-30 8 0 0 0
-29 8 0 0 0
-28 8 0 0 0
-27 8 0 0 0
-26 8 0 0 0
-25 8 0 0 30
-24 8 0 0 0
-23 8 0 0 64
-22 8 0 0 0
-21 8 0 0 0
-20 8 0 0 0
-19 8 0 0 1417
-18 8 0 0 67
-17 8 0 0 1415
-16 8 0 0 156
-15 8 5 0 0
-14 8 5 0 0
-13 8 5 0 0
-12 8 5 0 0
-11 8 5 0 764
-10 8 5 0 156
-257 7 -1 0 885
-256 7 0 0 155
-255 7 0 0 155
-254 7 0 0 155
-253 7 0 0 155
-252 7 0 0 155
-251 7 0 0 155
-250 7 0 0 155
-249 7 0 0 155
-248 7 0 0 155
-247 7 0 0 155
-246 7 0 0 155
-245 7 0 0 155
-244 7 0 0 154
-243 7 0 0 155
-242 7 0 0 155
-241 7 2 0 876
-240 7 2 0 154
-239 7 2 0 0
-238 7 0 0 154
-237 7 0 0 155
-236 7 0 0 155
-235 7 0 0 155
-234 7 0 0 155
-233 7 0 0 155
-232 7 0 0 155
-231 7 0 0 155
-230 7 0 0 155
-229 7 0 0 155
-228 7 0 0 155
-227 7 0 0 155
-226 7 0 0 155
-225 7 0 0 155
-224 7 0 0 155
-223 7 0 0 155
-222 7 0 0 155
-221 7 0 0 155
-220 7 0 0 155
-219 7 0 0 155
-218 7 0 0 155
-217 7 0 0 155
-216 7 0 0 155
-215 7 0 0 155
-214 7 0 0 155
-213 7 0 0 155
-212 7 0 0 155
-211 7 0 0 155
-210 7 0 0 155
-209 7 0 0 155
-208 7 0 0 155
-207 7 0 0 155
-206 7 0 0 155
-205 7 0 0 155
-204 7 0 0 155
-203 7 0 0 155
-202 7 0 0 155
-201 7 0 0 155
-200 7 0 0 155
-199 7 0 0 155
-198 7 0 0 155
-197 7 0 0 155
-196 7 0 0 155
-195 7 0 0 155
-194 7 0 0 155
-193 7 0 0 155
-192 7 0 0 155
-191 7 0 0 155
-190 7 0 0 155
-189 7 0 0 155
-188 7 0 0 155
-187 7 0 0 155
-186 7 0 0 155
-185 7 0 0 155
-184 7 0 0 155
-183 7 0 0 155
-182 7 0 0 155
-181 7 0 0 155
-180 7 0 0 155
-179 7 0 0 155
-178 7 0 0 155
-177 7 0 0 155
-176 7 0 0 155
-175 7 0 0 155
-174 7 0 0 155
-173 7 0 0 155
-172 7 0 0 155
-171 7 0 0 155
-170 7 0 0 155
-169 7 0 0 155
-168 7 0 0 155
-167 7 0 0 155
-166 7 0 0 155
-165 7 0 0 155
-164 7 0 0 155
-163 7 0 0 155
-162 7 0 0 155
-161 7 0 0 155
-160 7 0 0 155
-159 7 0 0 155
-158 7 0 0 155
-157 7 0 0 155
-156 7 0 0 155
-155 7 0 0 155
-154 7 0 0 155
-153 7 0 0 155
-152 7 0 0 155
-151 7 0 0 155
-150 7 0 0 155
-149 7 0 0 155
-148 7 0 0 155
-147 7 0 0 155
-146 7 0 0 155
-145 7 0 0 155
-144 7 0 0 155
-143 7 0 0 155
-142 7 0 0 155
-141 7 0 0 155
-140 7 0 0 155
-139 7 0 0 155
-138 7 0 0 155
-137 7 0 0 155
-136 7 0 0 155
-135 7 1 0 155
-134 7 1 0 155
-133 7 0 0 155
-132 7 0 0 155
-131 7 0 0 155
-130 7 0 0 155
-129 7 0 0 155
-128 7 0 0 155
-127 7 0 0 155
-126 7 0 0 155
-125 7 0 0 155
-124 7 0 0 155
-123 7 0 0 155
-122 7 0 0 155
-121 7 0 0 155
-120 7 0 0 155
-119 7 0 0 154
-118 7 2 0 0
-117 7 0 0 154
-116 7 0 0 155
-115 7 0 0 154
-114 7 2 0 0
-113 7 0 0 154
-112 7 0 0 155
-111 7 0 0 155
-110 7 0 0 155
-109 7 0 0 155
-108 7 0 0 155
-107 7 0 0 155
-106 7 0 0 155
-105 7 0 0 155
-104 7 0 0 155
-103 7 0 0 155
-102 7 0 0 155
-101 7 0 0 155
-100 7 0 0 155
-99 7 0 0 155
-98 7 0 0 155
-97 7 0 0 155
-96 7 0 0 155
-95 7 0 0 155
-94 7 0 0 155
-93 7 0 0 155
-92 7 0 0 155
-91 7 0 0 155
-90 7 0 0 155
-89 7 4 0 155
-88 7 4 0 155
-87 7 4 0 155
-86 7 4 0 155
-85 7 4 0 155
-84 7 4 0 155
-83 7 4 0 155
-82 7 4 0 155
-81 7 4 0 155
-80 7 4 0 155
-79 7 4 0 155
-78 7 4 0 155
-77 7 4 0 155
-76 7 4 0 155
-75 7 4 0 155
-74 7 0 0 155
-73 7 0 0 155
-72 7 0 0 155
-71 7 0 0 155
-70 7 0 0 155
-69 7 0 0 155
-68 7 0 0 155
-67 7 0 0 155
-66 7 5 0 155
-65 7 5 0 155
-64 7 5 0 155
-63 7 5 0 155
-62 7 5 0 155
-61 7 5 0 155
-60 7 5 0 155
-59 7 5 0 155
-58 7 5 0 155
-57 7 5 0 155
-56 7 5 0 155
-55 7 5 0 155
-54 7 5 0 155
-53 7 5 0 155
-52 7 5 0 155
-51 7 0 0 155
-50 7 0 0 155
-49 7 0 0 155
-48 7 0 0 155
-47 7 0 0 155
-46 7 0 0 155
-45 7 0 0 155
-44 7 0 0 155
-43 7 0 0 155
-42 7 0 0 155
-41 7 0 0 155
-40 7 0 0 155
-39 7 0 0 155
-38 7 0 0 155
-37 7 0 0 155
-36 7 0 0 155
-35 7 0 0 155
-34 7 0 0 155
-33 7 0 0 155
-32 7 0 0 155
-31 7 0 0 155
-30 7 0 0 154
-29 7 0 0 155
-28 7 0 0 155
-27 7 0 0 155
-26 7 0 0 155
-25 7 0 0 155
-24 7 0 0 154
-23 7 0 0 64
-22 7 0 0 64
-21 7 0 0 0
-20 7 0 0 0
-19 7 0 0 0
-18 7 0 0 0
-17 7 0 0 51
-16 7 0 0 154
-15 7 5 0 155
-14 7 5 0 155
-13 7 5 0 155
-12 7 5 0 155
-11 7 5 0 155
-10 7 5 0 154
-255 6 -1 0 406
-254 6 0 0 0
-253 6 0 0 0
-252 6 0 0 0
-251 6 0 0 0
-250 6 0 0 0
-249 6 0 0 0
-248 6 0 0 0
-247 6 0 0 0
-246 6 0 0 0
-245 6 0 0 0
-244 6 0 0 156
-243 6 0 0 0
-242 6 0 0 0
-241 6 2 0 0
-240 6 2 0 156
-239 6 2 0 0
-238 6 0 0 156
-237 6 0 0 0
-236 6 0 0 0
-235 6 0 0 0
-234 6 0 0 0
-233 6 0 0 0
-232 6 0 0 0
-231 6 0 0 0
-230 6 0 0 0
-229 6 0 0 0
-228 6 0 0 0
-227 6 0 0 0
-226 6 0 0 0
-225 6 0 0 0
-224 6 0 0 0
-223 6 0 0 0
-222 6 0 0 0
-221 6 0 0 0
-220 6 0 0 0
-219 6 0 0 0
-218 6 0 0 0
-217 6 0 0 0
-216 6 0 0 0
-215 6 0 0 0
-214 6 0 0 0
-213 6 0 0 0
-212 6 0 0 0
-211 6 0 0 0
-210 6 0 0 0
-209 6 0 0 0
-208 6 0 0 0
-207 6 0 0 0
-206 6 0 0 0
-205 6 0 0 0
-204 6 0 0 0
-203 6 0 0 0
-202 6 0 0 0
-201 6 0 0 0
-200 6 0 0 0
-199 6 0 0 0
-198 6 0 0 0
-197 6 0 0 0
-196 6 0 0 0
-195 6 0 0 0
-194 6 0 0 0
-193 6 0 0 0
-192 6 0 0 0
-191 6 0 0 0
-190 6 0 0 0
-189 6 0 0 0
-188 6 0 0 0
-187 6 0 0 0
-186 6 0 0 0
-185 6 0 0 0
-184 6 0 0 0
-183 6 0 0 0
-182 6 0 0 0
-181 6 0 0 0
-180 6 0 0 0
-179 6 0 0 0
-178 6 0 0 0
-177 6 0 0 0
-176 6 0 0 0
-175 6 0 0 0
-174 6 0 0 0
-173 6 0 0 0
-172 6 0 0 0
-171 6 0 0 0
-170 6 0 0 0
-169 6 0 0 0
-168 6 0 0 0
-167 6 0 0 0
-166 6 0 0 0
-165 6 0 0 0
-164 6 0 0 0
-163 6 0 0 0
-162 6 0 0 0
-161 6 0 0 0
-160 6 0 0 0
-159 6 0 0 0
-158 6 0 0 0
-157 6 0 0 0
-156 6 0 0 0
-155 6 0 0 0
-154 6 0 0 0
-153 6 0 0 0
-152 6 0 0 0
-151 6 0 0 0
-150 6 0 0 0
-149 6 0 0 0
-148 6 0 0 0
-147 6 0 0 0
-146 6 0 0 0
-145 6 0 0 0
-144 6 0 0 0
-143 6 0 0 0
-142 6 0 0 0
-141 6 0 0 0
-140 6 0 0 0
-139 6 0 0 0
-138 6 0 0 0
-137 6 0 0 0
-136 6 0 0 0
-135 6 1 0 0
-134 6 1 0 0
-133 6 0 0 0
-132 6 0 0 0
-131 6 0 0 0
-130 6 0 0 0
-129 6 0 0 0
-128 6 0 0 0
-127 6 0 0 0
-126 6 0 0 0
-125 6 0 0 0
-124 6 0 0 0
-123 6 0 0 0
-122 6 0 0 0
-121 6 0 0 0
-120 6 0 0 0
-119 6 0 0 156
-118 6 2 0 0
-117 6 0 0 156
-116 6 0 0 406
-115 6 0 0 156
-114 6 2 0 0
-113 6 0 0 156
-112 6 0 0 0
-111 6 0 0 0
-110 6 0 0 0
-109 6 0 0 0
-108 6 0 0 0
-107 6 0 0 0
-106 6 0 0 0
-105 6 0 0 0
-104 6 0 0 0
-103 6 0 0 0
-102 6 0 0 0
-101 6 0 0 0
-100 6 0 0 0
-99 6 0 0 0
-98 6 0 0 0
-97 6 0 0 0
-96 6 0 0 0
-95 6 0 0 0
-94 6 0 0 0
-93 6 0 0 0
-92 6 0 0 0
-91 6 0 0 0
-90 6 0 0 0
-89 6 4 0 0
-88 6 4 0 0
-87 6 4 0 0
-86 6 4 0 0
-85 6 4 0 0
-84 6 4 0 0
-83 6 4 0 0
-82 6 4 0 0
-81 6 4 0 0
-80 6 4 0 0
-79 6 4 0 0
-78 6 4 0 0
-77 6 4 0 0
-76 6 4 0 0
-75 6 4 0 0
-74 6 0 0 0
-73 6 0 0 0
-72 6 0 0 0
-71 6 0 0 0
-70 6 0 0 0
-69 6 0 0 0
-68 6 0 0 0
-67 6 0 0 0
-66 6 5 0 0
-65 6 5 0 0
-64 6 5 0 0
-63 6 5 0 0
-62 6 5 0 0
-61 6 5 0 0
-60 6 5 0 0
-59 6 5 0 0
-58 6 5 0 0
-57 6 5 0 0
-56 6 5 0 0
-55 6 5 0 0
-54 6 5 0 0
-53 6 5 0 0
-52 6 5 0 0
-51 6 0 0 0
-50 6 0 0 0
-49 6 0 0 0
-48 6 0 0 0
-47 6 0 0 0
-46 6 0 0 0
-45 6 0 0 0
-44 6 0 0 0
-43 6 0 0 0
-42 6 0 0 0
-41 6 0 0 0
-40 6 0 0 0
-39 6 0 0 0
-38 6 0 0 0
-37 6 0 0 0
-36 6 0 0 0
-35 6 0 0 0
-34 6 0 0 0
-33 6 0 0 0
-32 6 0 0 0
-31 6 0 0 0
-30 6 0 0 156
-29 6 0 0 30
-28 6 0 0 0
-27 6 0 0 0
-26 6 0 0 0
-25 6 0 0 0
-24 6 0 0 156
-23 6 0 0 0
-22 6 0 0 0
-21 6 0 0 64
-20 6 0 0 0
-19 6 0 0 0
-18 6 0 0 32
-17 6 0 0 33
-16 6 0 0 156
-15 6 5 0 0
-14 6 5 0 0
-13 6 5 0 0
-12 6 5 0 0
-11 6 5 0 0
-10 6 5 0 0
-254 5 0 0 0
-253 5 0 0 0
-252 5 0 0 0
-251 5 0 0 0
-250 5 0 0 0
-249 5 0 0 0
-248 5 0 0 0
-247 5 0 0 0
-246 5 0 0 0
-245 5 0 0 0
-244 5 0 0 156
-243 5 0 0 0
-242 5 2 0 0
-241 5 2 0 0
-240 5 0 0 156
-239 5 2 0 0
-238 5 0 0 156
-237 5 0 0 0
-236 5 0 0 0
-235 5 0 0 0
-234 5 0 0 0
-233 5 0 0 0
-232 5 0 0 0
-231 5 0 0 0
-230 5 0 0 0
-229 5 0 0 0
-228 5 0 0 0
-227 5 0 0 0
-226 5 0 0 0
-225 5 0 0 0
-224 5 0 0 0
-223 5 0 0 0
-222 5 0 0 0
-221 5 0 0 0
-220 5 0 0 0
-219 5 0 0 0
-218 5 0 0 0
-217 5 0 0 0
-216 5 0 0 0
-215 5 0 0 0
-214 5 0 0 0
-213 5 0 0 0
-212 5 0 0 0
-211 5 0 0 0
-210 5 0 0 0
-209 5 0 0 0
-208 5 0 0 0
-207 5 0 0 0
-206 5 0 0 0
-205 5 0 0 0
-204 5 0 0 0
-203 5 0 0 0
-202 5 0 0 0
-201 5 0 0 0
-200 5 0 0 0
-199 5 0 0 0
-198 5 0 0 0
-197 5 0 0 0
-196 5 0 0 0
-195 5 0 0 0
-194 5 0 0 0
-193 5 0 0 0
-192 5 0 0 0
-191 5 0 0 0
-190 5 0 0 0
-189 5 0 0 0
-188 5 0 0 0
-187 5 0 0 0
-186 5 0 0 0
-185 5 0 0 0
-184 5 0 0 0
-183 5 0 0 0
-182 5 0 0 0
-181 5 0 0 0
-180 5 0 0 0
-179 5 0 0 0
-178 5 0 0 0
-177 5 0 0 0
-176 5 0 0 0
-175 5 0 0 0
-174 5 0 0 0
-173 5 0 0 0
-172 5 0 0 0
-171 5 0 0 0
-170 5 0 0 0
-169 5 0 0 0
-168 5 0 0 0
-167 5 0 0 0
-166 5 0 0 0
-165 5 0 0 0
-164 5 0 0 0
-163 5 0 0 0
-162 5 0 0 0
-161 5 0 0 0
-160 5 0 0 0
-159 5 0 0 0
-158 5 0 0 0
-157 5 0 0 0
-156 5 0 0 0
-155 5 0 0 0
-154 5 0 0 0
-153 5 0 0 0
-152 5 0 0 0
-151 5 0 0 0
-150 5 0 0 0
-149 5 0 0 0
-148 5 0 0 0
-147 5 0 0 0
-146 5 0 0 0
-145 5 0 0 0
-144 5 0 0 0
-143 5 0 0 0
-142 5 0 0 0
-141 5 0 0 0
-140 5 0 0 0
-139 5 0 0 0
-138 5 0 0 0
-137 5 0 0 0
-136 5 0 0 0
-135 5 1 0 0
-134 5 1 0 0
-133 5 0 0 0
-132 5 0 0 0
-131 5 0 0 0
-130 5 0 0 0
-129 5 0 0 0
-128 5 0 0 0
-127 5 0 0 0
-126 5 0 0 0
-125 5 0 0 0
-124 5 0 0 0
-123 5 0 0 0
-122 5 1 0 0
-121 5 1 0 0
-120 5 0 0 154
-119 5 0 0 154
-118 5 2 0 0
-117 5 0 0 156
-116 5 0 0 0
-115 5 0 0 156
-114 5 2 0 0
-113 5 0 0 156
-112 5 0 0 0
-111 5 0 0 0
-110 5 0 0 0
-109 5 0 0 0
-108 5 0 0 0
-107 5 0 0 0
-106 5 0 0 0
-105 5 0 0 0
-104 5 0 0 0
-103 5 0 0 0
-102 5 0 0 0
-101 5 0 0 0
-100 5 0 0 0
-99 5 0 0 0
-98 5 0 0 0
-97 5 0 0 0
-96 5 0 0 0
-95 5 0 0 0
-94 5 0 0 0
-93 5 0 0 0
-92 5 0 0 0
-91 5 0 0 0
-90 5 0 0 0
-89 5 4 0 0
-88 5 4 0 0
-87 5 4 0 0
-86 5 4 0 0
-85 5 4 0 0
-84 5 4 0 0
-83 5 4 0 0
-82 5 4 0 0
-81 5 4 0 0
-80 5 4 0 0
-79 5 4 0 0
-78 5 4 0 0
-77 5 4 0 0
-76 5 4 0 0
-75 5 4 0 0
-74 5 0 0 0
-73 5 0 0 0
-72 5 0 0 0
-71 5 0 0 0
-70 5 0 0 0
-69 5 0 0 0
-68 5 0 0 0
-67 5 5 0 0
-66 5 5 0 0
-65 5 5 0 0
-64 5 5 0 0
-63 5 5 0 0
-62 5 5 0 0
-61 5 5 0 0
-60 5 5 0 0
-59 5 5 0 0
-58 5 5 0 0
-57 5 5 0 0
-56 5 5 0 0
-55 5 5 0 0
-54 5 5 0 0
-53 5 5 0 0
-52 5 5 0 0
-51 5 0 0 0
-50 5 0 0 0
-49 5 0 0 0
-48 5 0 0 0
-47 5 0 0 0
-46 5 0 0 0
-45 5 0 0 0
-44 5 0 0 0
-43 5 0 0 0
-42 5 0 0 0
-41 5 0 0 0
-40 5 0 0 0
-39 5 0 0 0
-38 5 0 0 0
-37 5 0 0 0
-36 5 0 0 0
-35 5 0 0 0
-34 5 0 0 0
-33 5 0 0 0
-32 5 0 0 0
-31 5 0 0 0
-30 5 0 0 156
-29 5 0 0 0
-28 5 0 0 0
-27 5 0 0 0
-26 5 0 0 0
-25 5 0 0 977,962,947,968,958,973
-24 5 0 0 156
-23 5 0 0 50
-22 5 0 0 0
-21 5 0 0 0
-20 5 0 0 0
-19 5 0 0 0
-18 5 0 0 0
-17 5 0 0 33
-16 5 0 0 156
-15 5 5 0 0
-14 5 5 0 0
-13 5 0 0 0
-12 5 0 0 0
-11 5 0 0 0
-10 5 5 0 0
-244 4 0 0 156
-243 4 2 0 0
-242 4 2 0 154
-241 4 0 0 155
-240 4 -1 0 154
-239 4 2 0 0
-238 4 0 0 156
-135 4 1 0 0
-134 4 1 0 0
-123 4 1 0 0
-122 4 1 0 0
-121 4 1 0 527
-120 4 0 0 156
-119 4 0 0 0
-118 4 2 0 0
-117 4 0 0 156
-116 4 0 0 45
-115 4 0 0 156
-114 4 2 0 0
-113 4 0 0 156
-112 4 0 0 0
-89 4 4 0 0
-85 4 4 0 0
-84 4 4 0 0
-82 4 4 0 0
-32 4 0 0 0
-31 4 0 0 0
-30 4 0 0 156
-29 4 0 0 1929
-28 4 2 0 0
-27 4 2 0 0
-26 4 2 0 0
-25 4 2 0 0
-24 4 2 0 877
-23 4 0 0 51
-22 4 0 0 52
-21 4 0 0 50
-20 4 0 0 0
-19 4 0 0 0
-18 4 0 0 64
-17 4 0 0 52
-16 4 0 0 156
-15 4 0 0 0
-14 4 0 0 0
23 4 2 0 0
-244 3 0 0 156
-243 3 2 0 0
-242 3 2 0 0
-241 3 0 0 0
-240 3 0 0 156
-239 3 2 0 0
-238 3 0 0 156
-135 3 1 0 0
-124 3 1 0 0
-123 3 1 0 0
-122 3 1 0 0
-121 3 1 0 0
-120 3 0 0 156
-119 3 0 0 0
-118 3 0 0 155
-117 3 0 0 154
-116 3 0 0 155
-115 3 0 0 154
-114 3 2 0 876
-113 3 0 0 154
-112 3 0 0 0
-32 3 0 0 0
-31 3 0 0 0
-30 3 0 0 156
-29 3 2 0 0
-28 3 0 0 0
-27 3 0 0 30
-26 3 0 0 0
-25 3 0 0 0
-24 3 0 0 156
-23 3 0 0 30
-22 3 0 0 51
-21 3 0 0 50
-20 3 0 0 203
-19 3 0 0 434,199,202,200,203
-18 3 0 0 30
-17 3 0 0 51
-16 3 0 0 156
-15 3 0 0 0
-14 3 0 0 0
10 3 1 0 0
11 3 1 0 0
19 3 1 0 0
20 3 1 0 0
21 3 1 0 0
22 3 2 0 0
23 3 2 0 0
24 3 2 0 0
-244 2 0 0 154
-243 2 2 0 155
-242 2 2 0 154
-241 2 2 0 0
-240 2 0 0 156
-239 2 2 0 0
-238 2 0 0 156
-123 2 0 0 0
-122 2 0 0 0
-121 2 0 0 0
-120 2 0 0 156
-119 2 0 0 0
-118 2 2 0 0
-117 2 0 0 156
-116 2 0 0 0
-115 2 0 0 0
-114 2 2 0 0
-113 2 0 0 156
-112 2 0 0 0
-60 2 0 0 0
-59 2 0 0 154
-58 2 0 0 155
-57 2 0 0 155
-56 2 0 0 155
-55 2 0 0 155
-54 2 0 0 155
-53 2 0 0 155
-52 2 0 0 155
-51 2 0 0 155
-50 2 0 0 155
-49 2 0 0 155
-48 2 0 0 155
-47 2 0 0 155
-46 2 0 0 155
-45 2 0 0 155
-44 2 0 0 155
-43 2 0 0 155
-42 2 0 0 155
-41 2 0 0 155
-40 2 0 0 155
-39 2 0 0 155
-38 2 0 0 155
-37 2 0 0 155
-36 2 0 0 155
-35 2 0 0 155
-34 2 0 0 155
-33 2 0 0 155
-32 2 0 0 155
-31 2 0 0 155
-30 2 0 0 154
-29 2 2 0 1930
-28 2 0 0 155
-27 2 0 0 155
-26 2 0 0 155
-25 2 0 0 155
-24 2 0 0 154
-23 2 0 0 155
-22 2 0 0 155
-21 2 0 0 155
-20 2 0 0 876
-19 2 0 0 155
-18 2 0 0 155
-17 2 0 0 155
-16 2 0 0 154
-15 2 0 0 155
-14 2 0 0 155
-1 2 0 0 154
0 2 0 0 155
1 2 0 0 155
2 2 0 0 155
3 2 0 0 155
4 2 0 0 155
5 2 0 0 155
6 2 0 0 155
7 2 0 0 155
8 2 0 0 155
9 2 1 0 155
10 2 1 0 155
11 2 1 0 155
12 2 0 0 155
13 2 0 0 155
14 2 0 0 155
15 2 0 0 155
16 2 0 0 155
17 2 0 0 155
18 2 0 0 155
19 2 1 0 155
20 2 1 0 155
21 2 0 0 155
22 2 2 0 155
23 2 2 0 155
24 2 0 0 155
25 2 0 0 155
26 2 0 0 155
27 2 0 0 155
28 2 0 0 155
29 2 0 0 154
-244 1 0 0 156
-243 1 0 0 0
-242 1 2 0 0
-241 1 2 0 0
-240 1 0 0 156
-239 1 2 0 0
-238 1 0 0 156
-123 1 0 0 0
-122 1 0 0 0
-121 1 0 0 0
-120 1 0 0 156
-119 1 0 0 0
-118 1 2 0 0
-117 1 0 0 156
-116 1 0 0 30
-115 1 2 0 0
-114 1 2 0 0
-113 1 0 0 156
-112 1 0 0 0
-60 1 0 0 0
-59 1 0 0 156
-58 1 0 0 1937
-57 1 0 0 0
-56 1 0 0 0
-55 1 0 0 0
-54 1 0 0 1936
-53 1 0 0 0
-52 1 0 0 30
-51 1 0 0 66
-50 1 0 0 1417
-49 1 0 0 1935
-48 1 0 0 0
-47 1 0 0 0
-46 1 0 0 0
-45 1 0 0 1934
-44 1 0 0 0
-43 1 0 0 0
-42 1 0 0 64
-41 1 0 0 64
-40 1 0 0 64
-39 1 0 0 1933
-38 1 0 0 34
-37 1 0 0 0
-36 1 0 0 50
-35 1 0 0 51
-34 1 0 0 1932
-33 1 0 0 51
-32 1 0 0 51
-31 1 0 0 30
-30 1 0 0 0
-29 1 2 0 0
-28 1 0 0 0
-27 1 0 0 0
-26 1 0 0 0
-25 1 0 0 0
-24 1 0 0 156
-23 1 0 0 0
-22 1 0 0 0
-21 1 0 0 0
-20 1 0 0 0
-19 1 0 0 0
-18 1 0 0 0
-17 1 0 0 0
-16 1 0 0 0
-15 1 0 0 0
-14 1 0 0 0
-1 1 0 0 156
0 1 0 0 51
1 1 0 0 0
2 1 2 0 1427
3 1 0 0 52
4 1 0 0 51
5 1 0 0 52
6 1 0 0 0
7 1 2 0 0
8 1 0 0 48
9 1 2 0 49
10 1 1 0 121
11 1 1 0 121
12 1 1 0 121
13 1 0 0 52
14 1 0 0 1429
15 1 0 0 30
16 1 0 0 51
17 1 0 0 66
18 1 0 0 64
19 1 0 0 64
20 1 1 0 125
21 1 0 0 64
22 1 2 0 66
23 1 2 0 66
24 1 2 0 132
25 1 0 0 132
26 1 2 0 66
27 1 2 0 66
28 1 0 0 132
29 1 0 0 156
-244 0 0 0 156
-243 0 2 0 0
-242 0 2 0 154
-241 0 2 0 155
-240 0 0 0 154
-239 0 2 0 0
-238 0 0 0 156
-123 0 0 0 0
-122 0 0 0 154
-121 0 0 0 155
-120 0 0 0 154
-119 0 0 0 154
-118 0 2 0 0
-117 0 0 0 154
-116 0 0 0 155
-115 0 0 0 155
-114 0 0 0 0
-113 0 0 0 156
-112 0 0 0 0
-111 0 0 0 0
-110 0 0 0 0
-109 0 0 0 0
-60 0 0 0 0
-59 0 0 0 156
-58 0 0 0 0
-57 0 2 0 0
-56 0 2 0 30
-55 0 2 0 0
-54 0 2 0 67
-53 0 2 0 0
-52 0 2 0 0
-51 0 2 0 64
-50 0 2 0 64
-49 0 2 0 66
-48 0 2 0 0
-47 0 2 0 0
-46 0 2 0 0
-45 0 2 0 0
-44 0 2 0 30
-43 0 2 0 0
-42 0 2 0 0
-41 0 2 0 0
-40 0 2 0 0
-39 0 2 0 0
-38 0 2 0 0
-37 0 2 0 0
-36 0 2 0 0
-35 0 2 0 0
-34 0 2 0 0
-33 0 2 0 0
-32 0 2 0 0
-31 0 2 0 0
-30 0 2 0 0
-29 0 2 0 0
-28 0 0 0 0
-27 0 0 0 0
-26 0 0 0 0
-25 0 0 0 0
-24 0 0 0 156
-23 0 0 0 0
-22 0 0 0 0
-21 0 0 0 0
-20 0 0 0 0
-19 0 0 0 0
-18 0 0 0 0
-17 0 0 0 0
-16 0 0 0 0
-15 0 0 0 0
-14 0 0 0 0
-1 0 0 0 156
0 0 0 0 0
1 0 0 0 0
2 0 2 0 0
3 0 2 0 0
4 0 0 0 0
5 0 0 0 0
6 0 0 0 0
7 0 2 0 0
8 0 2 0 0
9 0 1 0 0
10 0 0 0 30
11 0 0 0 0
12 0 0 0 0
13 0 0 0 0
14 0 0 0 0
15 0 0 0 0
16 0 0 0 0
17 0 0 0 66
18 0 0 0 64
19 0 0 0 64
20 0 0 0 50
21 0 0 0 52
22 0 2 0 64
23 0 2 0 64
24 0 2 0 66
25 0 2 0 64
26 0 2 0 0
27 0 2 0 66
28 0 2 0 64
29 0 0 0 156
-244 -1 0 0 156
-243 -1 2 0 0
-242 -1 2 0 0
-241 -1 2 0 0
-240 -1 2 0 0
-239 -1 2 0 0
-238 -1 0 0 156
-123 -1 0 0 0
-122 -1 0 0 156
-121 -1 0 0 434,344,72,72
-120 -1 0 0 0
-119 -1 0 0 877
-118 -1 2 0 0
-117 -1 2 0 877
-116 -1 2 0 0
-115 -1 0 0 0
-114 -1 0 0 1417
-113 -1 0 0 156
-112 -1 0 0 0
-111 -1 0 0 0
-110 -1 0 0 2120
-60 -1 0 0 0
-59 -1 0 0 154
-58 -1 0 0 155
-57 -1 0 0 155
-56 -1 0 0 155
-55 -1 0 0 155
-54 -1 0 0 155
-53 -1 0 0 155
-52 -1 0 0 155
-51 -1 0 0 155
-50 -1 0 0 155
-49 -1 0 0 155
-48 -1 0 0 155
-47 -1 0 0 155
-46 -1 0 0 155
-45 -1 0 0 155
-44 -1 0 0 155
-43 -1 0 0 155
-42 -1 0 0 155
-41 -1 0 0 155
-40 -1 0 0 155
-39 -1 0 0 155
-38 -1 0 0 155
-37 -1 0 0 155
-36 -1 0 0 155
-35 -1 0 0 155
-34 -1 0 0 155
-33 -1 0 0 155
-32 -1 0 0 155
-31 -1 0 0 155
-30 -1 0 0 155
-29 -1 0 0 155
-28 -1 0 0 155
-27 -1 0 0 155
-26 -1 0 0 155
-25 -1 0 0 155
-24 -1 0 0 154
-23 -1 0 0 155
-22 -1 0 0 155
-21 -1 0 0 155
-20 -1 0 0 155
-19 -1 0 0 155
-18 -1 0 0 155
-17 -1 0 0 155
-16 -1 0 0 155
-15 -1 0 0 155
-14 -1 0 0 155
-1 -1 0 0 154
0 -1 0 0 155
1 -1 0 0 155
2 -1 0 0 155
3 -1 0 0 155
4 -1 0 0 155
5 -1 0 0 155
6 -1 0 0 155
7 -1 0 0 155
8 -1 0 0 155
9 -1 0 0 155
10 -1 0 0 155
11 -1 0 0 154
12 -1 0 0 136
13 -1 0 0 136
14 -1 0 0 0
15 -1 0 0 0
16 -1 0 0 0
17 -1 0 0 0
18 -1 0 0 64
19 -1 0 0 30
20 -1 0 0 50
21 -1 0 0 51
22 -1 0 0 0
23 -1 2 0 132
24 -1 2 0 64
25 -1 2 0 0
26 -1 2 0 64
27 -1 2 0 64
28 -1 2 0 66
29 -1 2 0 156
-244 -2 0 0 154
-243 -2 2 0 155
-242 -2 2 0 155
-241 -2 2 0 155
-240 -2 2 0 155
-239 -2 2 0 155
-238 -2 0 0 154
-123 -2 0 0 0
-122 -2 0 0 154
-121 -2 0 0 155
-120 -2 0 0 155
-119 -2 0 0 154
-118 -2 0 0 155
-117 -2 0 0 154
-116 -2 0 0 155
-115 -2 0 0 155
-114 -2 0 0 155
-113 -2 0 0 154
-112 -2 0 0 0
-60 -2 0 0 0
-59 -2 0 0 0
-58 -2 0 0 0
-57 -2 0 0 0
-56 -2 0 0 0
-55 -2 0 0 0
-54 -2 0 0 0
-53 -2 0 0 0
-52 -2 0 0 0
-51 -2 0 0 0
-50 -2 0 0 0
-49 -2 0 0 0
-48 -2 0 0 0
-47 -2 0 0 0
-46 -2 0 0 0
-45 -2 0 0 0
-44 -2 0 0 0
-43 -2 0 0 0
-42 -2 0 0 0
-41 -2 0 0 0
-40 -2 0 0 0
-39 -2 0 0 0
-38 -2 0 0 0
-37 -2 0 0 0
-36 -2 0 0 0
-35 -2 0 0 0
-34 -2 0 0 0
-33 -2 0 0 0
-32 -2 0 0 0
-31 -2 0 0 0
-30 -2 0 0 0
-29 -2 0 0 0
-28 -2 0 0 0
-27 -2 0 0 0
-26 -2 0 0 0
-25 -2 0 0 0
-24 -2 0 0 0
-23 -2 0 0 0
-22 -2 0 0 0
-21 -2 0 0 0
-20 -2 0 0 0
-19 -2 0 0 0
-18 -2 0 0 0
-17 -2 0 0 0
-16 -2 0 0 0
-15 -2 0 0 0
-14 -2 0 0 0
-1 -2 0 0 0
0 -2 0 0 0
1 -2 0 0 0
2 -2 0 0 0
3 -2 0 0 0
4 -2 0 0 0
5 -2 0 0 0
6 -2 0 0 0
7 -2 0 0 0
8 -2 0 0 0
9 -2 0 0 0
10 -2 0 0 0
11 -2 0 0 156
12 -2 0 0 33
13 -2 0 0 33
14 -2 0 0 0
15 -2 0 0 0
16 -2 0 0 0
17 -2 3 0 291
18 -2 3 0 291
19 -2 0 0 30
20 -2 0 0 0
21 -2 0 0 51
22 -2 0 0 52
23 -2 0 0 50
24 -2 0 0 51
25 -2 2 0 64
26 -2 0 0 51
27 -2 0 0 51
28 -2 2 0 64
29 -2 0 0 156
-123 -3 0 0 0
-122 -3 0 0 0
-121 -3 0 0 977,948,960,969,970,958,975,948,948,948,969,960,948,948,948
-120 -3 0 0 0
-119 -3 0 0 0
-118 -3 0 0 0
-117 -3 0 0 0
-116 -3 0 0 0
-115 -3 0 0 0
-114 -3 0 0 977,948,973,958,953,965,960,948,948,948,969,960,948,948,948
-113 -3 0 0 0
-112 -3 0 0 0
-60 -3 0 0 0
-59 -3 0 0 0
-58 -3 0 0 0
-57 -3 0 0 0
-56 -3 0 0 0
-55 -3 0 0 0
-54 -3 0 0 0
-53 -3 0 0 0
-52 -3 0 0 0
-51 -3 0 0 0
-50 -3 0 0 0
-49 -3 0 0 0
-48 -3 0 0 0
-47 -3 0 0 0
-46 -3 0 0 0
-45 -3 0 0 0
-44 -3 0 0 0
-43 -3 0 0 0
-42 -3 0 0 0
-41 -3 0 0 0
-40 -3 0 0 0
-39 -3 0 0 0
-38 -3 0 0 0
-37 -3 0 0 0
-36 -3 0 0 0
-35 -3 0 0 0
-34 -3 0 0 0
-33 -3 0 0 0
-32 -3 0 0 0
-31 -3 0 0 0
-30 -3 0 0 0
-29 -3 0 0 0
-28 -3 0 0 0
-27 -3 0 0 0
-26 -3 0 0 0
-25 -3 0 0 0
-24 -3 0 0 0
-23 -3 0 0 0
-22 -3 0 0 0
-21 -3 0 0 0
-20 -3 0 0 0
-19 -3 0 0 2236
-18 -3 0 0 0
-17 -3 0 0 0
-16 -3 0 0 0
-15 -3 0 0 0
-14 -3 0 0 0
-1 -3 0 0 0
0 -3 0 0 0
1 -3 0 0 0
2 -3 0 0 0
3 -3 0 0 0
4 -3 0 0 0
5 -3 0 0 0
6 -3 0 0 0
7 -3 0 0 0
8 -3 0 0 0
9 -3 0 0 0
10 -3 0 0 0
11 -3 0 0 156
12 -3 0 0 133
13 -3 0 0 33
14 -3 0 0 32
15 -3 0 0 0
16 -3 0 0 0
17 -3 3 0 291
18 -3 3 0 290
19 -3 0 0 30
20 -3 0 0 154
21 -3 0 0 155
22 -3 0 0 155
23 -3 0 0 155
24 -3 0 0 155
25 -3 0 0 155
26 -3 0 0 155
27 -3 0 0 155
28 -3 0 0 155
29 -3 0 0 154
-123 -4 0 0 0
-122 -4 0 0 0
-121 -4 0 0 0
-120 -4 0 0 0
-119 -4 0 0 0
-118 -4 0 0 0
-117 -4 0 0 0
-116 -4 0 0 0
-115 -4 0 0 0
-114 -4 0 0 0
-113 -4 0 0 0
-112 -4 0 0 0
-22 -4 0 0 0
-17 -4 0 0 0
-12 -4 0 0 0
-11 -4 0 0 0
9 -4 0 0 0
10 -4 0 0 0
11 -4 2 0 156
12 -4 2 0 0
13 -4 2 0 173
14 -4 2 0 173
15 -4 0 0 0
16 -4 0 0 0
17 -4 3 0 290
18 -4 3 0 290
19 -4 3 0 290
20 -4 3 0 156
21 -4 0 0 0
22 -4 0 0 0
23 -4 2 0 0
24 -4 2 0 0
25 -4 0 0 0
26 -4 0 0 0
27 -4 0 0 0
28 -4 0 0 0
29 -4 0 0 0
-119 -5 0 0 0
-118 -5 0 0 2119
10 -5 0 0 0
11 -5 2 0 156
12 -5 2 0 0
13 -5 1 0 125
14 -5 1 0 0
15 -5 1 0 121
16 -5 1 0 0
17 -5 3 0 0
18 -5 0 0 0
19 -5 3 0 290
20 -5 3 0 156
21 -5 3 0 0
22 -5 0 0 0
23 -5 0 0 0
24 -5 0 0 0
25 -5 0 0 0
26 -5 0 0 0
27 -5 0 0 0
28 -5 0 0 0
29 -5 0 0 0
30 -5 0 0 0
-118 -6 0 0 0
11 -6 0 0 156
12 -6 2 0 173
13 -6 1 0 125
14 -6 1 0 121
15 -6 1 0 0
16 -6 1 0 121
17 -6 1 0 121
18 -6 0 0 0
19 -6 3 0 290
20 -6 3 0 156
21 -6 3 0 0
22 -6 0 0 0
25 -6 0 0 0
26 -6 0 0 0
27 -6 0 0 0
11 -7 0 0 154
12 -7 0 0 155
13 -7 1 0 155
14 -7 1 0 155
15 -7 1 0 155
16 -7 1 0 155
17 -7 0 0 155
18 -7 0 0 406
19 -7 0 0 155
20 -7 0 0 154
21 -7 0 0 0
11 -8 0 0 0
12 -8 0 0 0
13 -8 0 0 0
14 -8 1 0 0
15 -8 1 0 0
16 -8 1 0 0
17 -8 0 0 0
18 -8 0 0 0
19 -8 0 0 0
20 -8 0 0 0
21 -8 0 0 0
11 -9 0 0 0
12 -9 0 0 0
13 -9 0 0 0
14 -9 0 0 0
15 -9 1 0 0
16 -9 1 0 0
17 -9 0 0 0
18 -9 0 0 2235
19 -9 0 0 0
20 -9 0 0 0
11 -10 0 0 0
15 -10 0 0 0
16 -10 0 0 0
17 -10 2 0 0
18 -10 2 0 0
19 -10 2 0 0
20 -10 0 0 0
16 -11 0 0 0
17 -11 2 0 0
18 -11 2 0 978,952,953,968,961,971,956,958,951,966,956,958,947,953,968
19 -11 2 0 0
